63,23009 50,15844 39,45696 36,04295 36,11952 closed
63,20492 50,09526 39,4125 36,01425 36,10117 closed
63,1577 49,88889 39,3105 35,95708 36,05802 closed
63,13758 49,77296 39,22537 35,90878 36,01944 closed
63,03055 49,57868 39,11532 35,86633 35,96755 closed
63,00706 49,60851 39,08788 35,85644 35,94784 closed
62,9856 49,69004 39,09248 35,87255 35,9472 closed
62,94942 49,75514 39,07736 35,87332 35,9299 closed
62,94518 49,76476 39,04094 35,86446 35,90517 closed
62,97164 49,87114 38,99967 35,8523 35,88815 closed
62,96736 49,94461 38,97657 35,84824 35,872 closed
62,9543 49,95723 38,94392 35,83458 35,85963 closed
62,94635 49,99613 38,89441 35,82224 35,8471 closed
62,95544 50,09919 38,88041 35,82053 35,83912 closed
62,94686 50,18895 38,84182 35,80235 35,8266 closed
62,94378 50,38044 38,81626 35,79275 35,81209 closed
62,98557 50,66684 38,80651 35,77554 35,80444 closed
62,98997 50,76734 38,77654 35,74433 35,80381 closed
62,91774 50,92945 38,76527 35,73383 35,8448 closed
62,86852 50,97871 38,77191 35,73511 35,87123 closed
62,82845 50,89796 38,8116 35,77128 35,91317 closed
62,79305 50,83181 38,80287 35,76967 35,92954 closed
62,68907 50,49751 38,65596 35,69815 35,90929 closed
62,58803 50,20375 38,5667 35,65979 35,88879 closed
62,54608 49,83992 38,49763 35,63799 35,87762 closed
62,43607 49,38625 38,42339 35,60594 35,85016 closed
62,32747 48,99581 38,32232 35,55435 35,80466 closed
62,25428 48,60957 38,22884 35,52153 35,76256 closed
62,22723 48,40104 38,20796 35,54536 35,7613 closed
62,20176 48,07786 38,13536 35,53065 35,74471 closed
62,13931 47,86835 38,11588 35,56039 35,75783 closed
62,05236 47,68952 38,05359 35,55457 35,76406 closed
62,08724 47,77651 38,06408 35,5551 35,77101 closed
62,13574 47,51077 37,95824 35,48246 35,71667 closed
62,07457 47,20349 37,94275 35,48361 35,70281 closed
62,01037 46,85566 37,90434 35,46331 35,67982 closed
61,7141 45,69527 37,74563 35,42786 35,6252 closed
61,59086 44,91336 37,64782 35,43267 35,60794 closed
61,52642 44,37379 37,61185 35,48782 35,63424 closed
61,50722 43,82709 37,54883 35,52691 35,64854 closed
61,49422 42,98883 37,36199 35,55606 35,64198 closed
61,49218 42,56074 37,20302 35,53624 35,6393 closed
61,47933 41,85756 36,77801 35,4079 35,70015 closed
61,44965 41,50499 36,60458 35,37167 35,72876 closed
61,543 41,23684 36,39176 35,27742 35,73407 closed
61,68538 41,10615 36,29665 35,2563 35,79994 closed
61,75866 40,98486 36,18622 35,21142 35,81881 closed
61,80252 40,93651 36,12572 35,22511 35,86649 closed
61,72437 40,60279 35,92207 35,15137 35,91088 closed
61,74342 40,48512 35,81313 35,08902 35,91666 closed
61,74912 40,3983 35,75036 35,05974 35,9418 closed
61,85023 40,32756 35,66758 35,01768 35,97276 closed
61,98685 40,27764 35,56708 34,95701 35,99551 closed
62,10158 40,27699 35,43054 34,86268 35,99488 closed
62,44131 40,23437 35,10205 34,65123 35,98388 closed
62,56819 40,29834 35,01868 34,59741 35,98109 closed
62,69422 40,35447 34,94931 34,55038 35,98465 closed
62,80025 40,32842 34,82478 34,448 35,96174 closed
62,89357 40,18877 34,63916 34,30795 35,93545 closed
62,95659 40,10136 34,53432 34,23481 35,94378 closed
63,05302 39,91913 34,3385 34,08981 35,89458 closed
63,2317 39,81907 34,13133 33,88944 35,84808 closed
63,28871 39,82894 34,05116 33,79359 35,79432 closed
63,47158 39,92599 34,06916 33,80705 35,81986 closed
63,55162 39,86357 33,98032 33,72972 35,76966 closed
63,51577 39,7973 33,92581 33,6693 35,71493 closed
63,36592 40,11425 33,88671 33,54647 35,57563 closed
63,22505 40,47214 33,90552 33,44416 35,45429 closed
63,04348 40,8898 33,98296 33,39745 35,35188 closed
62,92735 41,3324 34,06603 33,36901 35,277 closed
62,98341 41,86887 34,22317 33,44752 35,28853 closed
63,03275 42,34394 34,39888 33,53222 35,30071 closed
62,99876 42,43631 34,29115 33,38806 35,18715 closed
62,94951 42,43206 34,13255 33,23101 35,07039 closed
63,08721 42,37636 33,95125 33,0814 35,00212 closed
63,23273 42,16953 33,66615 32,87201 34,92788 closed
63,43933 42,25657 33,46016 32,71122 34,90597 closed
63,58008 42,23776 33,31173 32,59811 34,89822 closed
63,7256 42,46555 33,23833 32,51661 34,91201 closed
63,89653 42,84988 33,23476 32,45782 34,91113 closed
64,0882 43,42999 33,21562 32,35775 34,89604 closed
64,24014 44,11401 33,20903 32,26615 34,88646 closed
64,41854 44,93319 33,26204 32,23596 34,90539 closed
64,50939 45,56974 33,26442 32,1505 34,87157 closed
64,55624 46,20781 33,27516 32,08704 34,85714 closed
64,59192 46,82966 33,28415 32,02535 34,84395 closed
64,52297 47,14576 33,28288 31,96133 34,81604 closed
64,40374 47,32772 33,15776 31,83428 34,76657 closed
64,40813 47,55914 33,12943 31,79808 34,74349 closed
64,46495 47,63774 33,13359 31,80982 34,73765 closed
64,41211 47,75547 33,23215 31,86642 34,70765 closed
64,32359 48,15059 33,45551 32,01538 34,71286 closed
64,14267 48,71065 33,69762 32,15606 34,64105 closed
64,14577 49,80938 34,21435 32,51527 34,65849 closed
64,13187 50,83194 34,59174 32,72591 34,60915 closed
64,2646 52,15037 35,20256 33,03301 34,65853 closed
64,62259 54,54315 36,23911 33,66516 34,94246 closed
64,83843 55,61419 37,53522 34,62088 35,20148 closed
64,83843 55,61419 37,53522 34,62088 35,20148 closed
64,72203 54,99133 38,34583 35,22579 35,44456 closed
64,70675 54,2971 38,29892 35,33603 35,45696 closed
64,55459 53,69273 38,47506 35,58223 35,5613 closed
64,33426 52,60356 38,49759 35,75027 35,57014 closed
63,94068 50,76872 38,37719 35,82505 35,46615 closed
63,50431 48,59399 38,12271 35,76975 35,28531 closed
62,97518 46,65114 37,66187 35,53533 35,04024 closed
62,53414 45,22076 37,16482 35,22761 34,79129 closed
62,14602 44,15657 36,78342 34,98257 34,60411 closed
61,80753 43,70678 36,46349 34,74613 34,44287 closed
61,5135 43,43826 36,15827 34,56831 34,39894 closed
61,07522 43,06018 35,9303 34,39212 34,29136 closed
60,35217 42,45452 35,57141 34,02822 34,08617 closed
60,21523 42,37818 35,54102 33,95042 34,05305 closed
60,20665 42,43419 35,60561 33,93416 34,0493 closed
60,4136 42,63785 35,71121 33,98686 34,16689 closed
60,5681 42,86272 35,82326 33,99166 34,17528 closed
60,79514 43,25277 36,02294 34,05901 34,20949 closed
60,96262 43,4302 36,19788 34,13107 34,2313 closed
61,03114 43,45934 36,36213 34,20303 34,24328 closed
61,19878 43,53685 36,5145 34,26413 34,26368 closed
61,27485 43,40336 36,63648 34,32258 34,26938 closed
61,25398 43,12145 36,70411 34,35368 34,25383 closed
61,23261 43,01389 36,82233 34,41777 34,26722 closed
61,27225 42,9584 36,90782 34,49026 34,35992 closed
61,12846 42,67897 36,91029 34,47435 34,32401 closed
60,92606 42,41931 37,08411 34,50058 34,29015 closed
60,86023 42,25546 37,10865 34,48736 34,25164 closed
60,76243 42,07734 37,07695 34,45008 34,19938 closed
60,68788 41,89112 37,03571 34,40715 34,1495 closed
60,45462 41,61702 36,9405 34,33773 34,06845 closed
60,27176 41,33598 36,76454 34,20234 33,9446 closed
60,12785 41,16882 36,699 34,14714 33,84544 closed
60,14089 41,04922 36,67832 34,08458 33,74726 closed
60,35536 41,43882 36,91505 34,28761 33,87549 closed
60,49495 41,75736 37,06556 34,40829 33,93172 closed
60,51257 41,87804 37,19251 34,55896 33,98957 closed
60,2779 42,13565 37,63778 34,95676 34,1366 closed
60,17163 42,11004 37,75146 35,05779 34,15372 closed
59,92516 42,18539 37,99123 35,26205 34,22035 closed
59,58384 42,05603 38,06014 35,32194 34,20904 closed
59,48069 41,94842 38,11713 35,37632 34,22416 closed
59,19307 41,77452 38,18958 35,47245 34,21753 closed
59,02287 41,66433 38,1673 35,45546 34,18106 closed
58,88332 41,39145 38,02706 35,35495 34,11987 closed
58,91471 41,27182 37,98008 35,31855 34,08913 closed
58,77293 41,19437 37,93219 35,27287 34,04631 closed
58,53331 41,08729 37,75354 35,09622 33,91919 closed
58,47892 41,03632 37,70012 35,04065 33,88078 closed
58,52191 40,96085 37,62726 34,96689 33,8413 closed
58,67485 40,93005 37,51883 34,8587 33,79595 closed
58,85513 40,89688 37,37648 34,74382 33,74243 closed
59,06337 40,89877 37,31565 34,69328 33,72762 closed
59,06337 40,89877 37,31565 34,69328 33,72762 closed
59,36914 40,78186 37,24039 34,63197 33,73675 closed
59,48994 40,73765 37,21079 34,61041 33,74952 closed
59,62878 40,72638 37,2397 34,63281 33,78407 closed
59,73747 40,74495 37,29383 34,66798 33,81302 closed
59,83696 40,73534 37,3116 34,68245 33,82546 closed
59,92627 40,72322 37,33926 34,69851 33,83665 closed
59,89265 40,7524 37,43061 34,76684 33,85901 closed
59,80841 40,76933 37,49403 34,83236 33,87359 closed
60,10695 40,91887 37,66689 35,02866 34,02099 closed
60,07638 40,92395 37,66681 35,03294 34,02347 closed
59,97479 40,86112 37,6068 34,97973 33,9933 closed
59,8473 40,94352 37,68587 34,99868 34,00183 closed
59,75788 41,12973 37,77619 35,04441 34,02758 closed
59,70014 41,27975 37,84496 35,05867 34,04958 closed
60,00811 41,40023 37,81302 34,9974 34,04227 closed
60,02367 41,28994 37,71556 34,88099 33,95612 closed
59,9707 41,26054 37,67894 34,82311 33,89174 closed
59,87213 41,25254 37,71305 34,83455 33,86684 closed
59,91394 41,19727 37,66457 34,80294 33,85646 closed
60,25574 41,55135 37,9064 34,9725 33,9999 closed
60,34348 41,89103 38,16658 35,14542 34,10326 closed
60,23003 42,11375 38,35424 35,28222 34,17898 closed
60,23003 42,11375 38,35424 35,28222 34,17898 closed
60,25395 42,31528 38,41629 35,33965 34,24503 closed
60,23879 42,42827 38,39347 35,32981 34,26036 closed
60,45893 42,42591 38,06554 34,92833 34,01151 closed
60,77476 42,55679 37,82878 34,63202 33,84585 closed
61,19028 42,76174 37,35732 34,12351 33,53214 closed
61,34393 42,78425 37,21015 33,99147 33,44218 closed
61,59756 42,84663 37,15034 33,93073 33,43272 closed
61,77308 42,9081 37,17125 33,93473 33,45634 closed
62,3116 43,28704 37,38274 34,05269 33,58293 closed
62,59349 43,53786 37,51038 34,13566 33,65255 closed
62,78531 43,76337 37,59581 34,20061 33,69805 closed
63,05221 44,29849 37,87703 34,42456 33,90224 closed
63,10788 44,57467 37,93654 34,48711 34,01833 closed
63,01669 44,76417 37,9933 34,55732 34,09348 closed
62,95496 44,74668 38,00852 34,58381 34,17044 closed
62,92216 44,85935 37,92103 34,52315 34,16137 closed
62,92216 44,85935 37,92103 34,52315 34,16137 closed
63,29086 45,24338 37,89669 34,4395 34,14949 closed
63,52889 45,23286 37,86143 34,39061 34,13947 closed
63,89273 45,28658 37,74864 34,26269 34,12199 closed
64,04967 45,3804 37,72777 34,21494 34,11434 closed
64,16438 45,50877 37,70898 34,17145 34,09553 closed
64,05408 45,88074 38,01133 34,38683 34,27072 closed
64,10876 46,14082 38,11133 34,44611 34,37066 closed
64,14085 46,56585 38,33794 34,60868 34,54005 closed
64,2033 47,03571 38,52147 34,71689 34,66066 closed
64,35261 46,92728 38,33217 34,56673 34,53448 closed
64,49783 46,81766 38,27539 34,52916 34,50313 closed
64,59402 46,9432 38,43076 34,63763 34,56311 closed
64,67064 46,95391 38,54501 34,70646 34,61603 closed
64,81898 46,88753 38,73089 34,82664 34,68598 closed
64,94296 46,93229 38,76419 34,88422 34,72895 closed
64,99145 46,89746 38,75865 34,8839 34,70992 closed
65,09087 47,08686 38,85188 34,95626 34,75091 closed
65,22951 47,17978 38,91536 34,97747 34,68631 closed
65,26435 47,26294 38,91235 34,95743 34,63686 closed
65,37757 47,63412 38,93968 34,95778 34,62191 closed
65,30645 47,70876 38,99588 34,981 34,61342 closed
65,21498 47,70791 38,92756 34,90685 34,54999 closed
65,08894 47,57728 38,9024 34,89474 34,51186 closed
64,94631 47,44009 38,8826 34,92579 34,4982 closed
64,87711 47,33832 38,84754 34,92511 34,48309 closed
64,74307 47,25349 38,83106 34,9327 34,47424 closed
64,69853 47,33741 38,82661 34,92399 34,47528 closed
64,62978 47,37186 38,77007 34,86995 34,42894 closed
64,77278 47,63749 38,76793 34,84623 34,46542 closed
64,86417 47,94953 38,82513 34,86414 34,51346 closed
64,88117 48,24929 38,89159 34,9227 34,58002 closed
64,92924 48,44456 38,85945 34,8926 34,5761 closed
64,96442 48,46893 38,77629 34,83187 34,55062 closed
64,96445 48,43006 38,69145 34,76589 34,52673 closed
64,92623 48,46078 38,62859 34,7017 34,50776 closed
64,84267 48,45994 38,65369 34,70476 34,52204 closed
64,58701 48,33966 38,74667 34,71956 34,52446 closed
64,53101 48,31688 38,75762 34,70766 34,51081 closed
64,53101 48,31688 38,75762 34,70766 34,51081 closed
64,37363 48,3242 38,67427 34,67093 34,45382 closed
64,32184 48,34879 38,70066 34,72152 34,44814 closed
64,20781 48,31602 38,74144 34,76868 34,45393 closed
64,13197 48,34111 38,83026 34,86211 34,50603 closed
63,95389 48,38285 38,91119 34,93211 34,54126 closed
63,95424 48,46132 39,03831 35,01797 34,5914 closed
64,02229 48,69495 39,30032 35,19444 34,71671 closed
64,07972 48,86176 39,47764 35,32021 34,80006 closed
64,10059 48,91998 39,61224 35,41473 34,8597 closed
64,10032 48,72602 39,6553 35,48614 34,89071 closed
64,17585 48,66727 39,68655 35,55106 34,91945 closed
64,21352 48,49902 39,53841 35,45225 34,861 closed
64,24151 48,52911 39,54515 35,46638 34,91142 closed
64,14885 48,36227 39,43446 35,41768 34,8968 closed
64,18737 48,3731 39,39388 35,41265 34,94958 closed
64,2304 48,41316 39,43113 35,44553 35,01615 closed
64,21149 48,70673 39,50443 35,47757 35,08353 closed
64,15219 48,91711 39,54507 35,48649 35,12179 closed
64,0877 49,10709 39,55122 35,48228 35,15822 closed
64,0877 49,10709 39,55122 35,48228 35,15822 closed
64,06367 49,34605 39,50805 35,38446 35,2277 closed
64,15375 49,29695 39,57288 35,44793 35,27722 closed
64,11302 49,42564 39,64361 35,4851 35,27446 closed
64,06717 49,74604 39,62455 35,39884 35,23341 closed
63,95601 49,71872 39,52611 35,3261 35,18768 closed
63,95316 49,76451 39,60081 35,36182 35,17253 closed
64,0034 49,83313 39,70048 35,4303 35,20616 closed
63,77691 49,27527 39,5358 35,35083 35,11662 closed
63,57396 49,17932 39,49875 35,32723 35,08982 closed
63,57878 49,12747 39,49732 35,31387 35,09254 closed
63,27731 48,81894 39,4033 35,25001 35,07667 closed
63,17693 48,83444 39,3872 35,21553 35,08251 closed
63,17361 48,7029 39,3014 35,13225 35,05096 closed
63,20437 48,62272 39,29225 35,12254 35,03896 closed
63,21436 48,77645 39,36823 35,12889 35,01609 closed
63,2663 48,73733 39,37183 35,11557 35,01003 closed
63,22854 48,51596 39,259 35,03752 34,98139 closed
63,28554 48,46593 39,2952 35,04201 34,96265 closed
63,29306 48,31639 39,30139 35,03016 34,90044 closed
63,30118 47,14454 38,70914 34,65279 34,53459 closed
63,27647 46,59215 38,39813 34,48244 34,37083 closed
63,36775 46,38337 38,34791 34,43867 34,32104 closed
63,32511 46,16805 38,08072 34,24551 34,15782 closed
63,33966 46,01195 37,86427 34,11738 34,07124 closed
63,32222 45,89489 37,82856 34,08421 33,99305 closed
63,27187 45,82981 37,9155 34,14742 34,01494 closed
63,13766 45,49909 37,88308 34,16066 33,97826 closed
63,01904 45,57072 37,99727 34,28054 34,03378 closed
62,9976 45,86976 38,01997 34,28744 34,03859 closed
62,84606 46,57293 38,01741 34,26904 34,05454 closed
62,90289 47,13844 38,10882 34,29102 34,09834 closed
62,98272 48,21112 38,42683 34,38944 34,18567 closed
62,99674 48,33298 38,4428 34,38026 34,16579 closed
62,89868 48,30568 38,48453 34,40422 34,14643 closed
62,87383 48,39372 38,50664 34,42227 34,19592 closed
62,96313 49,0308 38,77364 34,58641 34,34802 closed
63,1031 49,61205 38,83205 34,59198 34,41624 closed
63,28391 50,43519 38,81223 34,48217 34,4398 closed
63,39362 50,86772 38,83432 34,48467 34,46771 closed
63,52668 50,96148 38,78313 34,45503 34,49452 closed
63,56824 51,0231 38,99696 34,57139 34,55529 closed
63,574 50,90277 39,08242 34,62355 34,56053 closed
63,6599 50,7844 39,11809 34,66441 34,59179 closed
64,29147 50,69579 39,45528 34,93587 34,79035 closed
64,60715 50,54603 39,77288 35,24363 34,84829 closed
64,57968 50,5034 39,84321 35,329 34,82432 closed
64,20531 50,17449 39,60118 35,27042 34,66449 closed
63,9506 49,84745 39,41285 35,17123 34,53529 closed
63,80151 49,57898 39,28686 35,06079 34,42553 closed
63,59235 49,01699 39,03358 34,79261 34,29741 closed
63,52536 48,92579 39,05573 34,73767 34,25154 closed
63,50145 48,85279 39,12726 34,72038 34,23823 closed
63,16573 48,65857 39,15223 34,79633 34,27207 closed
63,04903 48,61599 39,17649 34,85892 34,32823 closed
62,96848 48,68076 39,18936 34,88167 34,30614 closed
62,87698 49,10997 39,14192 34,82143 34,22003 closed
62,85319 49,31862 39,06762 34,74133 34,17546 closed
62,8495 49,60069 38,98914 34,61271 34,11589 closed
62,81816 49,83813 38,66967 34,33997 33,9617 closed
62,81075 49,87257 38,41378 34,14865 33,85565 closed
62,55609 49,71107 38,0467 33,89003 33,70623 closed
62,44631 49,49818 37,93938 33,83849 33,68617 closed
62,48485 49,33845 37,86135 33,81343 33,68163 closed
62,4148 49,39532 37,87698 33,85085 33,70646 closed
62,34143 49,41329 37,8836 33,92043 33,73458 closed
62,43648 49,69923 38,02246 34,05251 33,83604 closed
62,43648 49,69923 38,02246 34,05251 33,83604 closed
62,49799 50,01369 38,02282 34,05403 33,84933 closed
62,49799 50,01369 38,02282 34,05403 33,84933 closed
62,52808 50,14233 38,06621 34,07861 33,84906 closed
62,52808 50,14233 38,06621 34,07861 33,84906 closed
62,41628 50,16518 37,80214 33,85611 33,66163 closed
62,33181 50,09592 37,74171 33,78701 33,61273 closed
62,27303 49,99939 37,72986 33,75441 33,58191 closed
61,95891 49,62293 37,6568 33,74398 33,54451 closed
61,95891 49,62293 37,6568 33,74398 33,54451 closed
61,6899 49,44381 37,59036 33,70455 33,49496 closed
61,59296 49,3863 37,69084 33,78471 33,56546 closed
61,48885 49,22822 37,75813 33,8759 33,61939 closed
61,38823 49,11092 37,90635 34,01518 33,7027 closed
61,32725 49,00732 37,99788 34,13162 33,76591 closed
61,29619 48,87786 38,16197 34,32531 33,86679 closed
61,29406 48,80231 38,17073 34,35399 33,86768 closed
61,31553 48,73383 38,21041 34,40428 33,88831 closed
61,34735 48,7277 38,28522 34,47562 33,93014 closed
61,37999 48,72148 38,38298 34,56293 33,97717 closed
61,39116 48,69923 38,4846 34,64592 34,01427 closed
61,41492 48,73444 38,58434 34,7213 34,05357 closed
61,39431 48,60266 38,55424 34,76897 34,12602 closed
61,33903 48,50063 38,54571 34,79532 34,1288 closed
61,34601 48,50995 38,52898 34,80079 34,11587 closed
61,38227 48,60339 38,52171 34,80238 34,11656 closed
61,42151 48,7533 38,50329 34,77693 34,10865 closed
61,48778 48,92839 38,53251 34,77235 34,1234 closed
61,57665 49,09593 38,56496 34,76766 34,1385 closed
61,74366 49,49902 38,66085 34,84538 34,35405 closed
61,77768 49,61524 38,6831 34,81942 34,3373 closed
61,83599 49,78298 38,67544 34,77736 34,30579 closed
61,84868 49,99092 38,6852 34,73992 34,28079 closed
61,80606 50,06674 38,58138 34,65348 34,20634 closed
61,69347 50,078 38,49524 34,61162 34,1461 closed
61,65129 50,16273 38,48679 34,62075 34,12891 closed
61,59832 50,2481 38,3815 34,54951 34,04916 closed
61,56506 50,341 38,3737 34,52057 34,02468 closed
61,44727 50,3717 38,31911 34,45156 33,96541 closed
61,39356 50,47866 38,36321 34,43508 33,96278 closed
61,27139 50,43073 38,3601 34,40688 33,93725 closed
61,10557 50,33647 38,30024 34,35244 33,88769 closed
60,69458 50,2052 38,331 34,34717 33,88358 closed
60,54143 50,068 38,35259 34,35425 33,88116 closed
60,4558 49,9571 38,42519 34,39938 33,90735 closed
60,27756 49,78117 38,45444 34,41689 33,91175 closed
60,27756 49,78117 38,45444 34,41689 33,91175 closed
60,08504 49,53175 38,50887 34,46897 33,94668 closed
60,00385 49,23387 38,5338 34,55436 34,10897 closed
59,96679 49,04784 38,52718 34,60551 34,23336 closed
59,81655 48,63533 38,41922 34,62111 34,1921 closed
59,74305 48,53489 38,40432 34,638 34,18297 closed
59,69017 48,41391 38,40147 34,67376 34,1845 closed
59,61178 48,27784 38,41159 34,7353 34,27907 closed
59,53502 48,27312 38,42604 34,754 34,2782 closed
59,45295 48,22797 38,42875 34,76623 34,26399 closed
59,44802 48,2699 38,42559 34,76168 34,25212 closed
59,55782 48,33562 38,42944 34,78593 34,34454 closed
59,64017 48,40562 38,42465 34,75251 34,29687 closed
59,68224 48,39876 38,39954 34,76525 34,35424 closed
59,67844 48,42827 38,36687 34,73709 34,30033 closed
59,67546 48,35622 38,34505 34,70024 34,23306 closed
59,73478 48,30373 38,34761 34,7281 34,30623 closed
59,80911 48,36069 38,33614 34,73252 34,36736 closed
59,79749 48,35719 38,30305 34,69575 34,29758 closed
59,84621 48,41072 38,29337 34,67392 34,25111 closed
59,85296 48,33267 38,22491 34,66657 34,24916 closed
59,80334 48,25275 38,17012 34,65079 34,18771 closed
59,76927 48,17601 38,15586 34,65099 34,13376 closed
59,77769 48,06703 38,14117 34,67086 34,18155 closed
59,7329 47,91183 38,07366 34,62325 34,09804 closed
59,67878 47,69263 37,98835 34,57976 34,01349 closed
59,6411 47,49709 37,92562 34,53762 33,94548 closed
59,64493 47,40419 37,91877 34,53233 33,91598 closed
59,5997 47,26831 37,87605 34,49918 33,84441 closed
59,62494 47,21273 37,87256 34,53375 33,92122 closed
59,63695 47,1474 37,88485 34,54413 33,91122 closed
59,64939 47,11304 37,91809 34,56262 33,89893 closed
59,71112 47,13028 37,92995 34,59483 33,99065 closed
59,71651 47,18959 37,94871 34,59024 33,97379 closed
59,71616 47,18795 37,95017 34,57916 33,95055 closed
59,75308 47,21011 37,96379 34,55409 33,90585 closed
59,79444 47,32334 37,97074 34,54708 33,89892 closed
59,86916 47,48273 38,01327 34,55927 33,91528 closed
59,94126 47,58579 38,05611 34,57893 33,93507 closed
60,12963 47,78328 38,16427 34,64979 34,08475 closed
60,19472 47,94435 38,22475 34,68213 34,10196 closed
60,24109 48,08123 38,26181 34,69878 34,09862 closed
60,43611 48,45529 38,38379 34,80464 34,26104 closed
60,76552 49,4049 38,4533 34,79903 34,2798 closed
60,98035 50,10941 38,40372 34,74762 34,33172 closed
61,06732 50,28291 38,33425 34,68201 34,28186 closed
61,12899 50,30692 38,21452 34,58809 34,21307 closed
61,27279 50,23985 38,14434 34,5546 34,25441 closed
61,41975 50,19991 38,14511 34,57224 34,25928 closed
61,4848 49,99783 38,09377 34,60237 34,32848 closed
61,47005 49,65174 38,16067 34,69561 34,39999 closed
61,49157 49,49748 38,13861 34,67096 34,38251 closed
61,5439 49,28455 38,07416 34,63058 34,34479 closed
61,41852 48,5886 37,85081 34,48479 34,25566 closed
61,45526 48,18753 37,64259 34,35349 34,2231 closed
61,48454 47,88495 37,36958 34,1346 34,05665 closed
61,55697 47,7168 37,19118 33,9711 33,93496 closed
61,64594 47,62321 37,05485 33,83882 33,83902 closed
61,86828 47,43522 36,94613 33,70742 33,74881 closed
62,00277 47,49627 36,9748 33,71471 33,75397 closed
62,13278 47,64457 37,04538 33,74609 33,7823 closed
62,21704 47,79133 37,12536 33,80671 33,81564 closed
62,25581 47,91247 37,20986 33,86081 33,84261 closed
62,18608 47,92319 37,4719 34,06041 33,92804 closed
62,10865 47,97348 37,60564 34,1539 33,98338 closed
61,97412 47,85032 37,73374 34,29562 34,12515 closed
61,76385 47,89227 38,03532 34,50037 34,23216 closed
61,76583 47,91127 38,08601 34,5497 34,3402 closed
61,78046 47,96418 38,16952 34,61641 34,44355 closed
61,63241 47,91822 38,25017 34,69136 34,51143 closed
61,53019 47,98852 38,38621 34,77415 34,51383 closed
61,43882 48,14779 38,57885 34,90405 34,58991 closed
61,45512 48,20458 38,58026 34,9267 34,64567 closed
61,51487 48,31422 38,54812 34,8974 34,60096 closed
61,533 48,40864 38,53031 34,86044 34,54307 closed
61,55182 48,52355 38,54046 34,83249 34,50657 closed
61,6724 48,49856 38,43177 34,72081 34,40822 closed
61,6795 48,42402 38,35213 34,63387 34,35119 closed
61,61679 48,25636 38,29118 34,56841 34,30529 closed
61,53026 48,07599 38,41014 34,62357 34,39012 closed
61,51946 47,99062 38,55639 34,71786 34,48082 closed
61,51289 47,92894 38,61809 34,71743 34,44254 closed
61,71072 47,79719 38,71598 34,7263 34,38139 closed
61,86623 47,65086 38,63788 34,67248 34,33583 closed
61,99692 47,45897 38,49255 34,60067 34,27739 closed
62,08657 47,31647 38,35502 34,53101 34,22164 closed
62,35492 47,04972 37,90303 34,31475 34,14633 closed
62,46864 46,90137 37,69645 34,22127 34,14029 closed
62,52019 46,87982 37,46667 34,08593 34,0438 closed
62,53665 46,82259 37,25417 33,95556 33,94388 closed
62,49682 46,76101 37,13605 33,91722 33,95643 closed
62,47678 46,83056 37,0835 33,8938 33,91768 closed
62,29336 46,91267 37,05672 33,85981 33,84403 closed
62,19869 46,91464 37,1158 33,91469 33,92189 closed
62,07067 46,96211 37,13835 33,92525 33,89928 closed
61,86979 46,95657 37,19557 33,95496 33,88277 closed
61,71128 46,94982 37,23402 33,96794 33,87302 closed
61,45987 46,95023 37,30595 34,00213 33,86046 closed
61,31464 46,98874 37,32853 34,01494 33,86037 closed
61,21826 47,05326 37,33699 34,02892 33,86199 closed
61,2346 47,03084 37,36279 34,06651 33,92657 closed
61,30884 47,02076 37,37556 34,09099 33,98603 closed
61,57564 47,16506 37,41291 34,08884 33,96456 closed
61,71608 47,20688 37,42477 34,09048 33,94959 closed
61,88685 47,30584 37,44956 34,09396 33,93721 closed
62,31297 47,52384 37,5795 34,152 33,97972 closed
62,47717 47,56105 37,58604 34,14209 33,98428 closed
62,51642 47,42617 37,58046 34,14334 33,97285 closed
62,55956 47,12799 37,60257 34,15913 33,95393 closed
62,61727 47,12404 37,60709 34,16697 33,95044 closed
62,58706 47,2931 37,72914 34,23422 34,01931 closed
62,512 47,30239 37,76566 34,27407 34,10454 closed
62,29185 47,52708 37,83002 34,34514 34,23994 closed
62,26281 47,72813 37,8968 34,3999 34,2857 closed
62,28579 48,07096 38,06199 34,50317 34,37961 closed
62,31178 48,51494 38,17613 34,58824 34,52265 closed
62,29537 48,72938 38,18672 34,56826 34,52121 closed
62,2568 48,88469 38,18218 34,55028 34,51719 closed
62,24396 49,12124 38,05084 34,45033 34,46524 closed
62,23341 49,16362 37,99034 34,40765 34,42709 closed
62,28546 49,32257 37,92417 34,36299 34,43957 closed
62,29539 49,40023 37,86216 34,31187 34,40179 closed
62,28144 49,46511 37,77291 34,24868 34,35641 closed
62,18743 49,4539 37,61925 34,18043 34,33217 closed
62,18743 49,4539 37,61925 34,18043 34,33217 closed
61,68427 48,91156 37,22985 34,00803 34,14738 closed
45,02911 39,27448 39,25644 37,78036 35,37406 closed
61,60978 48,75946 37,13623 33,9675 34,15623 closed
43,89982 38,82454 38,74366 37,44996 35,05006 closed
61,35732 48,38414 36,92559 33,84228 34,06518 closed
43,49612 38,26649 38,31047 37,0671 34,67468 closed
61,37822 48,69583 37,50295 34,19399 34,27517 closed
44,11613 38,29981 38,38071 37,08791 34,81394 closed
61,61671 48,58373 37,56348 34,13211 34,1841 closed
43,9366 38,67766 39,08374 37,77951 35,38998 closed
61,58707 48,29164 37,64061 34,17266 34,14951 closed
44,02534 38,74414 39,11232 37,94505 35,62576 closed
61,55278 48,05594 37,60511 34,15971 34,05548 closed
45,36288 38,7295 39,0215 38,01014 35,72807 closed
61,61287 47,86771 37,5392 34,15121 34,06713 closed
47,12882 38,11592 38,06417 37,29142 35,49942 closed
61,67878 47,95503 37,66967 34,28357 34,11199 closed
46,89269 37,90222 37,66575 36,89509 35,38943 closed
61,74221 47,88927 37,67936 34,28979 34,13253 closed
48,25393 38,57259 38,3957 37,35993 35,69097 closed
61,68335 47,53959 37,59265 34,31096 34,14289 closed
48,96196 39,23987 39,15701 37,96247 36,11209 closed
61,46482 46,80038 37,25415 34,15055 33,94904 closed
49,73679 39,6455 39,84967 38,63146 36,4914 closed
61,41228 46,65165 37,12813 34,04769 33,87981 closed
49,78882 39,49062 39,92594 38,93011 36,7592 closed
61,54394 46,59041 36,88162 33,82669 33,78286 closed
49,75677 39,5223 39,89852 39,01828 36,99348 closed
61,82932 46,68818 36,84932 33,79427 33,89362 closed
50,77391 39,98881 40,05212 39,02731 37,11217 closed
61,85425 46,85933 36,97163 33,85226 34,02704 closed
52,30983 40,12959 40,03369 38,85382 37,07447 closed
61,81592 46,82566 36,99612 33,881 34,05585 closed
52,89521 39,85794 39,54433 38,26308 36,73481 closed
61,91508 47,10618 37,12577 34,02381 34,22186 closed
52,44621 39,64539 39,29007 37,94564 36,51175 closed
61,77682 47,25131 37,26529 34,16921 34,25842 closed
51,91612 39,34111 39,09948 37,8409 36,48408 closed
61,6081 47,33966 37,32677 34,24262 34,22976 closed
51,60052 39,19286 39,12498 37,9179 36,51255 closed
61,41551 47,33216 37,38968 34,29752 34,19759 closed
51,75742 39,01661 38,75372 37,48789 36,15043 closed
61,26338 47,26446 37,43079 34,3105 34,14417 closed
52,4367 38,74085 38,19667 36,97453 35,90992 closed
61,22658 47,30185 37,45866 34,30775 34,10999 closed
52,87538 38,46448 37,72318 36,55276 35,70103 closed
61,27945 47,24458 37,40675 34,25109 34,06318 closed
52,8495 38,41567 37,60221 36,43522 35,66964 closed
61,2442 46,85678 37,23519 34,10704 33,98154 closed
52,97138 38,47389 37,57809 36,45976 35,75509 closed
61,2627 46,65208 37,22361 34,10939 34,05445 closed
52,88818 38,68837 37,83461 36,65978 35,90013 closed
61,26543 46,37619 37,26387 34,12331 34,11633 closed
52,53368 38,66506 37,84235 36,74112 35,98082 closed
61,2878 46,12088 37,23426 34,0827 34,06823 closed
52,15805 38,61877 37,87071 36,82414 36,04469 closed
61,30614 45,88996 37,18705 34,04074 34,03862 closed
52,35975 38,60331 37,99771 36,94271 36,1043 closed
61,4106 45,8009 37,12911 34,00971 34,07578 closed
52,72002 38,70795 38,13011 37,02539 36,18391 closed
61,50099 45,76164 37,07145 33,96422 34,03502 closed
53,04483 38,83364 38,24738 37,08738 36,28319 closed
61,54308 45,74736 37,02972 33,95966 34,06913 closed
53,23594 38,93316 38,3707 37,16961 36,38057 closed
61,52083 45,81581 36,98545 33,97779 34,02845 closed
53,32852 39,07698 38,47341 37,21523 36,44753 closed
61,47264 45,76651 36,97155 33,995 34,00381 closed
53,33213 39,14673 38,50405 37,21983 36,46972 closed
61,23835 45,70752 36,94967 34,04953 33,96424 closed
53,1887 39,24372 38,80263 37,4542 36,5514 closed
61,10762 45,66767 36,98181 34,15138 34,0124 closed
52,73439 39,0766 38,72451 37,39843 36,49435 closed
61,07975 45,92124 37,14775 34,30695 34,06856 closed
52,37083 38,90155 38,67412 37,41842 36,48847 closed
61,06277 46,15696 37,2562 34,38192 34,05233 closed
52,17757 39,11118 39,13944 37,94207 36,76171 closed
61,09951 46,18562 37,37472 34,47614 34,10347 closed
51,83232 39,24104 39,51222 38,32368 36,89624 closed
61,12853 46,17764 37,34772 34,46333 34,08092 closed
51,6842 39,35937 39,71781 38,52341 36,97329 closed
61,25838 45,91524 37,19043 34,37884 34,01805 closed
51,91904 40,1856 40,81258 39,4025 37,36038 closed
61,42876 45,64217 37,01503 34,29153 33,93985 closed
51,83667 40,45821 41,21878 39,75919 37,47013 closed
61,72267 45,43429 37,09156 34,3976 34,02224 closed
51,62298 40,48894 41,103 39,62771 37,40097 closed
62,02115 45,53801 37,32951 34,56399 34,19457 closed
51,9065 40,42844 41,07885 39,38799 37,25821 closed
62,36815 45,78736 37,4749 34,63315 34,31871 closed
52,2683 40,57934 41,29179 39,36466 37,27907 closed
62,54933 46,05281 37,61871 34,68828 34,32808 closed
53,07587 40,69006 41,29614 39,14722 37,20116 closed
62,5265 46,13751 37,55679 34,58926 34,21403 closed
53,72028 40,3507 40,68383 38,62207 37,03144 closed
62,23623 45,98842 37,30594 34,33506 33,92952 closed
54,03778 39,82978 39,91167 37,99423 36,73013 closed
62,10688 45,89431 37,02532 34,0452 33,6784 closed
54,61029 39,7936 39,87813 38,00421 36,73751 closed
62,14486 46,12938 36,9511 33,91112 33,60819 closed
54,82624 39,84475 39,84354 38,0092 36,75273 closed
62,53948 46,51753 36,81666 33,73806 33,65446 closed
54,81776 39,75454 39,77178 37,95836 36,67679 closed
63,00259 46,83957 36,85243 33,79911 33,92827 closed
54,6188 39,77877 39,76359 37,9362 36,60578 closed
63,14798 46,96374 36,85456 33,79162 33,95853 closed
54,38955 39,76768 39,74763 37,92804 36,54936 closed
63,13106 46,97258 36,89456 33,82172 33,97993 closed
54,15176 39,88575 40,05114 38,19082 36,57958 closed
63,12306 46,71198 36,78168 33,75935 33,9179 closed
53,80103 39,9224 40,2326 38,38105 36,57455 closed
63,12262 46,14137 36,65169 33,71297 33,80603 closed
53,25335 39,72499 39,9545 38,18827 36,47564 closed
63,23966 45,80425 36,71033 33,8029 33,96851 closed
52,5946 39,70388 40,02712 38,32866 36,56359 closed
63,2221 45,71457 36,6951 33,79115 33,97323 closed
52,3813 39,74071 40,17417 38,48111 36,63918 closed
62,76038 44,95537 36,75497 33,88313 33,90076 closed
51,79263 40,21776 40,80673 38,85659 36,85483 closed
62,93906 44,6875 36,93103 34,03368 34,08157 closed
51,76622 40,14296 40,75242 38,47594 36,60487 closed
63,23818 45,0297 37,12273 34,20604 34,22998 closed
51,68002 39,62495 39,96117 37,64413 36,12709 closed
63,48445 45,29076 37,29696 34,43368 34,35198 closed
51,73298 39,45881 39,42604 37,08644 35,90549 closed
62,75364 44,69015 37,53103 34,84869 34,55418 closed
52,04506 39,6456 39,51781 37,10701 35,90963 closed
62,88801 44,30125 37,47949 34,93777 34,64899 closed
52,00214 39,86914 39,57293 37,13539 35,91798 closed
62,91869 43,99724 37,57159 35,15491 34,80062 closed
51,94811 39,68187 39,06905 36,62038 35,59864 closed
63,41471 43,51182 37,2827 35,06617 34,83337 closed
51,80971 39,16552 38,16878 35,78913 35,22459 closed
63,4445 43,35334 37,26843 35,09629 34,86609 closed
51,91253 38,72627 37,67289 35,34929 35,00272 closed
63,76932 43,3921 37,22768 34,98116 34,84067 closed
52,9928 38,45918 37,69131 35,61611 35,26188 closed
63,84752 43,34498 37,0988 34,85306 34,81282 closed
53,55224 38,44661 37,86908 35,88678 35,43996 closed
64,12821 43,44955 37,08096 34,74021 34,81607 closed
54,89411 38,55666 38,23345 36,33944 35,7534 closed
63,90451 43,63957 37,5304 35,12636 35,03488 closed
55,80956 38,66917 38,38276 36,54818 35,92114 closed
63,88382 43,67199 37,70636 35,36666 35,23843 closed
56,5266 38,79366 38,51075 36,67843 36,02579 closed
63,642 43,49576 37,64817 35,31104 35,15871 closed
56,94959 38,696 38,42546 36,3877 35,80229 closed
63,63209 43,35096 37,50526 35,10627 35,02467 closed
57,24561 38,51865 38,28191 36,12029 35,54131 closed
63,64683 43,15368 37,21417 34,88797 34,89452 closed
57,72385 38,29669 37,93011 35,67736 35,27364 closed
63,45926 42,76469 36,79652 34,65665 34,80667 closed
57,73281 38,21186 37,75996 35,41984 35,1039 closed
62,94735 42,30409 36,42067 34,34829 34,61334 closed
57,69421 38,0368 37,53326 35,11937 34,89348 closed
62,80038 41,92742 36,08662 34,10968 34,49085 closed
57,35955 37,93203 37,35192 35,02201 34,84624 closed
62,60085 41,62043 35,90913 34,07988 34,48645 closed
57,08897 37,82712 37,13122 34,85798 34,72318 closed
62,20779 41,49749 35,8426 34,0471 34,45872 closed
57,17669 37,79916 37,06506 34,78304 34,64779 closed
62,18671 41,34077 35,83948 34,02002 34,39116 closed
56,94656 37,78934 37,27444 34,89606 34,58314 closed
62,19364 41,28981 35,8877 34,09628 34,40088 closed
57,0754 37,75142 37,24527 34,85665 34,52798 closed
62,05391 41,28302 35,96291 34,21207 34,48016 closed
57,75721 37,73578 37,1576 34,82302 34,55187 closed
61,60483 41,3884 36,18446 34,32487 34,49026 closed
58,4035 37,64023 37,07326 34,78043 34,58193 closed
61,40735 41,62054 36,54108 34,5204 34,51575 closed
58,76715 37,69269 37,23292 34,95452 34,68649 closed
61,58004 41,51537 36,56147 34,50281 34,48584 closed
58,7893 37,82521 37,59187 35,31923 34,86906 closed
61,70375 41,24233 36,40523 34,41145 34,46457 closed
58,62178 37,86542 37,91377 35,63242 35,04239 closed
61,3766 41,26022 36,53653 34,48694 34,47714 closed
58,05998 38,07189 38,40495 36,1136 35,33363 closed
61,09741 41,09861 36,5112 34,37416 34,36362 closed
57,85552 38,02658 38,37915 36,16919 35,53483 closed
61,36548 40,72737 36,18737 34,03928 34,20091 closed
57,63147 37,98495 38,2918 36,08344 35,63146 closed
61,29472 40,78767 35,98538 33,82719 34,00625 closed
57,24408 37,81292 38,03794 35,83261 35,59586 closed
60,83331 41,22271 35,94419 33,81196 33,97429 closed
57,17862 37,68592 37,8737 35,66845 35,58617 closed
60,82655 41,54392 36,08146 33,89046 34,09199 closed
56,95396 37,33199 37,22514 35,24774 35,56364 closed
61,08909 41,4861 36,00286 33,82307 34,12459 closed
56,88491 37,3958 37,26872 35,3044 35,66948 closed
61,11739 41,9311 36,11766 33,89418 34,39736 closed
56,53429 38,02974 38,15936 36,20742 36,27534 closed
61,3132 42,5111 36,47859 34,03985 34,57787 closed
56,15576 38,64135 39,00109 37,00494 36,66961 closed
62,01995 43,33855 37,13805 34,24799 34,89622 closed
55,96694 39,64788 40,57723 38,40512 37,28751 closed
62,50917 43,70817 37,59884 34,5357 35,15568 closed
55,68582 40,1553 41,4069 39,38292 37,7638 closed
62,94921 43,80436 38,12729 34,96053 35,46185 closed
55,36455 40,34277 41,70752 39,71558 37,8492 closed
63,28886 43,08409 37,68073 34,85567 35,58779 closed
55,48754 39,69656 40,48239 38,59143 37,37366 closed
63,38345 42,78166 36,84051 34,39235 35,4786 closed
55,54972 38,84554 39,34971 37,59657 36,98849 closed
63,53355 42,51284 36,23948 34,19214 35,50359 closed
55,76211 37,98344 38,01266 36,36758 36,44708 closed
63,65572 41,66455 35,50975 33,87688 35,42903 closed
55,63123 36,95207 36,12456 34,67043 35,67988 closed
64,00603 40,96651 34,93423 33,61282 35,33677 closed
55,76167 35,87151 34,30822 33,027 34,95423 closed
64,64787 40,33442 34,12095 33,18557 35,2386 closed
56,03641 35,08281 32,80517 31,72015 34,48132 closed
65,66577 39,40778 33,17516 32,60118 35,08448 closed
56,14732 34,66318 31,89709 30,90215 34,13341 closed
65,93899 39,00732 32,93787 32,45455 35,0481 closed
56,13227 34,5587 31,6961 30,72403 34,01723 closed
66,42472 38,63091 32,73214 32,28513 34,96561 closed
56,19489 34,51685 31,47858 30,39997 33,79736 closed
66,37086 38,21305 32,55678 32,2001 34,89469 closed
55,46766 34,48824 31,18342 30,14383 33,57197 closed
66,29085 38,06723 32,6997 32,35147 34,96353 closed
54,8974 34,80009 31,23651 30,07747 33,44058 closed
65,99504 37,5436 32,64032 32,37828 35,05255 closed
54,57498 34,76124 31,04424 29,95401 33,3632 closed
65,84276 37,64983 32,86243 32,48032 35,16127 closed
53,8534 34,60954 30,73234 29,81263 33,30641 closed
65,39436 37,3848 32,98944 32,56419 35,20055 closed
53,49896 34,62114 30,5302 29,64935 33,14897 closed
65,18806 37,22512 33,25586 32,76781 35,22431 closed
54,51851 34,75687 30,19871 29,52069 33,19799 closed
64,91619 37,2495 33,54357 33,02253 35,26618 closed
55,97138 34,90335 30,49896 30,01527 33,41312 closed
64,69444 37,40846 33,84608 33,34996 35,35618 closed
57,39166 35,62897 32,04315 31,4325 33,74337 closed
64,42853 37,84969 34,41463 33,75171 35,42044 closed
58,37199 36,39132 33,53408 32,76213 33,98533 closed
64,46877 37,68269 34,43528 33,91078 35,45712 closed
59,62584 36,99427 34,52116 33,68443 34,37667 closed
64,84472 37,6672 34,95736 34,46449 35,58853 closed
61,44094 37,65455 35,23518 34,48582 35,08509 closed
65,19366 37,73387 35,62973 34,99648 35,71768 closed
61,77242 38,19398 35,40245 34,76435 35,57004 closed
65,93765 37,69743 35,77025 35,00676 35,74936 closed
58,57541 37,73697 34,36724 34,28951 35,69527 closed
66,61259 37,80588 35,24568 34,58836 35,72301 closed
54,86976 37,29752 33,34412 33,5919 35,36015 closed
67,26379 38,65017 34,5009 34,28674 35,83179 closed
52,05985 37,17956 32,2929 32,78308 34,95112 closed
67,45152 39,21046 33,87587 33,97855 35,73976 closed
49,49666 37,23669 31,21523 31,91755 34,44678 closed
66,84266 40,3784 33,68474 33,84019 35,79477 closed
48,4339 36,34893 29,77951 30,83073 33,90518 closed
65,79036 42,965 33,60269 33,83873 35,9087 closed
48,95081 35,97684 29,2844 30,39361 33,66831 closed
65,37637 44,43743 33,37335 33,66405 35,88639 closed
49,20221 36,07126 29,19599 30,27661 33,6081 closed
63,91756 49,59151 32,92849 33,04208 35,53328 closed
50,19024 36,86096 28,84607 29,80774 33,42395 closed
63,49521 53,10791 32,48309 32,51875 35,29095 closed
50,63707 38,35541 29,05973 29,6195 33,29103 closed
63,39142 56,28501 32,17558 32,0699 35,09178 closed
50,92462 40,23441 29,16301 29,36154 33,15166 closed
63,51925 58,99757 31,81806 31,68872 34,95523 closed
51,31908 41,72514 29,68097 29,45202 33,40165 closed
63,87685 64,51363 31,45537 31,40891 34,9235 closed
53,11637 41,90025 30,5609 30,07488 34,00874 closed
64,27225 67,19649 31,95378 31,45722 34,97811 closed
55,54324 41,46679 31,72579 30,96038 34,57608 closed
64,79033 64,21187 33,02818 32,01522 35,14097 closed
56,6457 41,10007 32,49338 31,51277 34,89632 closed
64,69084 63,77377 34,01497 32,368 35,17678 closed
59,11642 40,24276 33,50985 32,49468 35,46738 closed
65,34212 63,75266 34,81688 32,89692 35,28681 closed
60,37222 38,85341 33,53044 32,58512 35,59593 closed
66,00435 64,10491 36,57378 33,69561 35,48159 closed
61,7524 38,94729 34,23887 33,35464 35,96044 closed
66,42043 60,63667 39,69111 35,33661 35,81536 closed
62,42257 39,56244 35,49934 34,68913 36,47813 closed
66,54909 57,17883 41,85137 36,63976 36,15834 closed
63,09293 39,9507 36,45105 35,59682 36,73301 closed
66,09365 52,45709 41,22752 37,21531 36,22625 closed
62,5317 40,65933 37,6221 36,57367 36,86736 closed
64,71335 47,58889 39,80772 36,96209 35,85104 closed
63,02176 41,561 39,52626 38,04863 37,41644 closed
63,03291 42,9454 37,73437 35,7706 34,97379 closed
63,11411 41,26655 39,29241 37,63171 36,76354 closed
60,99266 40,86216 36,6363 35,21302 34,62479 closed
62,33416 40,53819 37,71495 36,31913 36,24743 closed
60,77002 40,78274 36,26789 34,91817 34,58838 closed
62,2534 41,11485 38,39302 36,80232 36,62331 closed
61,57193 39,81011 35,11022 34,14041 34,38723 closed
61,20641 40,62419 38,3256 36,71508 36,35513 closed
62,2673 39,38704 34,43021 33,58162 34,2622 closed
60,49917 40,08408 37,97585 36,26553 35,89583 closed
62,23907 38,85515 33,71838 32,94573 34,05777 closed
60,91715 39,29606 37,1249 35,41742 35,33863 closed
62,31856 38,87062 33,70945 32,88217 34,11099 closed
62,27803 38,43353 36,28065 34,54741 34,91266 closed
62,45291 38,46249 33,58465 32,67409 34,08023 closed
63,3611 37,73887 35,47575 33,53537 34,52935 closed
62,4275 37,64495 33,09252 32,24359 33,88433 closed
63,10173 37,33776 35,28912 33,22821 34,50657 closed
62,79594 36,59974 32,53496 31,63643 33,61379 closed
61,8271 36,51605 34,75862 32,94944 34,56906 closed
63,58303 36,14292 32,27105 31,26625 33,43496 closed
60,71535 35,93307 33,93744 32,27084 34,31668 closed
65,14538 35,50764 31,84776 30,97588 33,42747 closed
60,23621 35,64045 33,49128 31,9272 34,21914 closed
65,4275 35,00214 31,37239 30,68747 33,25726 closed
59,92716 35,62952 33,33826 31,68233 34,03402 closed
64,63783 35,07187 31,4481 30,68797 33,1353 closed
59,99533 35,33475 32,90372 31,23848 33,60539 closed
64,28586 35,35559 31,79383 30,98092 33,17776 closed
58,71844 35,00166 32,22098 30,74603 33,34156 closed
64,87113 35,10148 31,61007 30,78178 33,11077 closed
57,47246 34,99442 31,96665 30,59374 33,32965 closed
66,0944 34,65749 31,20493 30,32918 32,98934 closed
56,3415 34,7524 31,2321 30,07014 33,27248 closed
67,11258 34,43894 31,18542 30,16326 33,20618 closed
56,41947 34,41374 30,58802 29,58206 33,13766 closed
67,08237 34,43736 31,14571 30,02823 33,18844 closed
57,07553 34,32946 30,42105 29,44786 33,13116 closed
66,56308 34,29998 30,87505 29,95546 33,22978 closed
58,27464 34,10815 30,15951 29,23903 33,10351 closed
66,09373 34,25832 30,74773 30,01861 33,29414 closed
58,71455 33,98822 30,10927 29,19125 33,06181 closed
65,95012 34,2552 30,6925 30,058 33,33833 closed
58,74381 34,01759 30,21969 29,2547 33,07231 closed
65,95751 34,27752 30,68506 30,12504 33,41895 closed
58,77501 34,01734 30,26461 29,29742 33,05014 closed
66,04284 34,34492 30,69251 30,17874 33,49525 closed
58,72774 34,04552 30,32752 29,34581 33,06444 closed
66,20947 34,37662 30,67083 30,20785 33,5619 closed
58,70731 34,03465 30,33534 29,36152 33,05062 closed
66,29803 34,45944 30,72348 30,2911 33,69033 closed
58,77626 34,05345 30,45448 29,45498 33,08039 closed
66,15224 34,5374 30,77144 30,33709 33,76059 closed
58,92992 34,30448 30,894 29,79111 33,22606 closed
66,15929 34,57968 30,86824 30,42207 33,86707 closed
59,00216 34,63913 31,41967 30,22652 33,36664 closed
66,22027 34,72364 30,96484 30,52386 33,88189 closed
58,64763 35,39185 32,48796 31,17657 33,81988 closed
66,22764 34,95624 31,19821 30,66763 33,91767 closed
57,80428 35,71937 33,09618 31,72313 34,0275 closed
66,08658 35,09622 31,24702 30,66873 33,87278 closed
57,64236 35,87089 33,49123 32,06354 34,13144 closed
65,78989 35,32246 31,34212 30,6583 33,84211 closed
58,06078 36,27945 34,36213 32,78432 34,42144 closed
65,42298 35,59595 31,60096 30,77895 33,93975 closed
58,49957 36,6685 35,20005 33,48507 34,73529 closed
64,96525 35,9976 32,10422 31,07367 34,17944 closed
59,02445 37,56058 36,85348 34,89722 35,35654 closed
64,86973 36,51142 32,61189 31,39172 34,3849 closed
59,05869 38,31419 37,96566 35,81413 35,76548 closed
64,91769 36,88214 32,97911 31,63097 34,51774 closed
59,11031 38,56068 38,40274 36,18994 35,9189 closed
65,36932 37,90599 33,92803 32,23087 34,86717 closed
59,57349 38,99723 39,12757 36,73794 36,20558 closed
65,97515 38,56959 34,56875 32,65132 35,09808 closed
60,01338 39,11692 38,67932 36,39294 36,22872 closed
66,25193 38,86243 34,88326 32,86183 35,20785 closed
60,40919 39,57436 38,83822 36,4987 36,40065 closed
66,46823 39,19401 35,18698 33,05109 35,31674 closed
60,83096 40,34031 39,57254 37,18764 36,86499 closed
66,66962 39,63653 35,57987 33,3621 35,49966 closed
61,65208 41,44028 41,06021 38,49339 37,63409 closed
67,18709 40,3904 36,33461 33,85585 35,79 closed
63,02684 43,61748 44,43359 41,49849 39,2171 closed
67,48118 40,71603 36,7714 34,12015 35,94918 closed
63,7906 44,80067 46,37791 43,30558 40,22958 closed
67,63677 40,99476 37,1172 34,29237 36,043 closed
64,23489 45,5475 47,77101 44,61047 40,98711 closed
67,77309 41,44368 37,56561 34,49339 36,16405 closed
64,57487 45,7223 48,40492 45,25232 41,45242 closed
67,98538 42,00561 38,03138 34,68783 36,2901 closed
64,96893 45,68145 48,54135 45,37101 41,63184 closed
68,16755 42,55874 38,49152 34,88948 36,39917 closed
65,35936 45,60618 48,56164 45,35181 41,70809 closed
68,26909 43,12336 38,77063 35,02173 36,45931 closed
65,70381 45,57633 48,52793 45,26733 41,7218 closed
68,27361 43,59168 39,00493 35,15767 36,5072 closed
65,82509 45,50966 48,40788 45,14427 41,6814 closed
68,34748 44,66942 39,58501 35,46102 36,633 closed
66,1132 45,64547 48,5792 45,25824 41,79852 closed
68,5546 47,29398 40,4761 35,84409 36,65682 closed
66,02161 45,93997 48,13014 44,90078 41,60661 closed
68,65971 48,27364 40,55951 35,86735 36,60801 closed
66,01725 46,07388 48,01775 44,8257 41,57853 closed
68,9119 49,67396 40,72174 35,89067 36,46634 closed
66,06346 46,30264 47,95018 44,81345 41,57941 closed
69,08904 50,35906 40,77201 35,88831 36,37986 closed
66,13799 46,54587 48,15085 45,03603 41,70083 closed
69,25571 50,67163 40,82556 35,91708 36,35677 closed
66,1977 46,72128 48,32888 45,21503 41,81103 closed
69,36243 50,74206 40,87693 35,958 36,37726 closed
66,24908 46,85577 48,46127 45,33685 41,89458 closed
69,54579 51,2043 41,05454 36,07274 36,4583 closed
66,25672 47,01261 48,54778 45,38758 41,92599 closed
69,78197 52,22478 41,44223 36,29294 36,63328 closed
66,18537 46,89319 48,26291 45,08725 41,72451 closed
69,88989 53,20287 41,79001 36,42805 36,74407 closed
66,04472 46,92732 47,96748 44,53491 41,26073 closed
69,79907 53,70126 42,07775 36,57596 36,84232 closed
65,99328 47,08974 47,84248 44,04593 40,75673 closed
69,59837 53,66761 42,23134 36,66949 36,88884 closed
65,92454 47,07005 47,71535 43,70737 40,46779 closed
69,43692 53,8927 42,53902 36,84253 36,98832 closed
65,86681 47,01583 47,57032 43,43011 40,29413 closed
69,23565 53,97324 42,66745 36,94063 36,98339 closed
65,90431 46,93869 47,47021 43,34817 40,15604 closed
69,01968 54,02629 42,67356 37,00658 36,9788 closed
65,9753 46,98765 47,60492 43,59195 40,26987 closed
68,82803 54,20853 42,67996 37,00657 36,95201 closed
65,99047 47,08168 47,82605 43,897 40,47554 closed
68,66454 54,36552 42,69088 37,01204 36,93776 closed
65,97217 47,12206 48,11551 44,30146 40,74933 closed
68,68736 54,55132 42,5662 36,89874 36,86201 closed
65,86758 46,65685 47,93364 44,25652 40,6535 closed
69,0357 54,04858 41,91573 36,15009 36,46995 closed
65,75555 45,82497 47,17952 43,5888 40,15306 closed
68,71239 52,80458 40,64126 35,01952 35,85422 closed
65,508 45,03373 46,32065 42,72065 39,61671 closed
68,33648 51,80663 39,42064 34,18285 35,4309 closed
65,47535 44,2606 45,24858 41,6545 38,99688 closed
68,15527 51,25827 38,73561 33,82532 35,2797 closed
65,34463 42,58399 44,19579 41,06969 38,7776 closed
67,95205 50,96415 38,44889 33,7747 35,26027 closed
65,21387 41,86024 43,68976 40,73505 38,64818 closed
67,69118 50,35565 37,88763 33,685 35,21328 closed
64,87509 40,7222 42,55832 39,71492 38,22734 closed
67,40765 49,86074 37,55301 33,69175 35,19501 closed
64,58507 39,84973 41,34942 38,63722 37,72116 closed
67,21633 49,43663 37,41616 33,81307 35,2387 closed
64,19276 39,41022 40,33935 37,70181 37,30214 closed
67,19317 49,10915 37,45586 33,99082 35,33543 closed
63,83652 39,0775 39,40176 36,82243 36,87855 closed
67,30328 48,92768 37,51775 34,17892 35,44392 closed
63,54584 39,00065 38,9495 36,36589 36,636 closed
67,38005 48,8307 37,54946 34,31913 35,5137 closed
63,35226 39,03879 38,74327 36,12273 36,5008 closed
67,45087 48,8167 37,52097 34,3597 35,53351 closed
63,21357 39,27097 38,80329 36,10889 36,47482 closed
67,67971 49,02668 37,58066 34,38785 35,562 closed
63,07408 39,49683 38,86825 36,12353 36,48233 closed
68,12001 49,72322 37,57893 34,27258 35,51604 closed
62,93066 39,77676 39,0668 36,26301 36,53846 closed
69,06924 50,64886 37,39143 33,94497 35,31076 closed
62,78623 39,93896 39,0192 36,19487 36,51012 closed
70,17058 51,73288 37,60542 33,98059 35,30648 closed
62,80487 40,133 39,08323 36,263 36,56688 closed
70,81772 52,7082 38,37859 34,57054 35,58656 closed
63,08887 40,09001 38,92873 36,19436 36,6129 closed
70,73087 53,35878 39,00018 35,05966 35,83273 closed
63,33197 40,17933 38,97448 36,24191 36,67653 closed
70,02938 54,19479 40,29264 36,18259 36,39453 closed
63,94492 40,51976 39,50625 36,74636 36,98152 closed
69,56404 55,18885 42,0256 37,65252 37,30246 closed
64,85941 41,93792 41,80868 38,7143 37,9354 closed
69,52505 56,23927 43,8809 39,22764 38,32186 closed
65,60824 43,55305 44,45134 41,05521 39,15831 closed
69,66055 57,28192 45,9422 40,89317 39,28827 closed
65,89513 45,2964 46,80254 43,28743 40,43893 closed
69,87793 57,9362 47,57849 42,1709 39,96545 closed
65,53625 47,28249 49,44894 45,92467 41,97889 closed
69,98877 57,94988 48,49903 42,84331 40,30286 closed
64,8243 48,99209 52,08824 48,47902 43,64634 closed
70,00546 57,80431 48,8839 43,15497 40,45039 closed
64,38747 50,25196 53,5437 49,81016 44,69696 closed
69,9197 57,40345 48,76795 43,1511 40,43932 closed
64,17306 51,48648 54,69633 50,64434 45,38583 closed
69,71912 56,53866 48,06261 42,7993 40,24131 closed
64,00233 53,71178 56,50562 52,35235 46,62048 closed
69,63857 55,56163 47,03297 42,26443 39,98969 closed
64,09146 55,37231 58,25697 53,75544 47,46632 closed
69,63358 54,99513 46,22647 41,87172 39,82574 closed
64,24943 56,35286 59,23773 54,54264 47,92824 closed
69,62585 54,86686 45,85431 41,68876 39,78497 closed
64,46297 56,62049 59,16081 54,35068 47,6399 closed
69,83042 55,12643 45,80399 41,63985 39,8343 closed
64,73977 56,58602 59,05797 54,12007 47,28511 closed
69,9542 55,31891 45,86209 41,72218 39,92358 closed
64,9509 56,73265 59,31825 54,22689 47,21139 closed
70,24821 55,88565 46,05555 41,91251 40,12395 closed
65,30427 57,10177 59,99296 54,64339 47,30685 closed
70,47717 56,50856 46,34819 42,0652 40,23597 closed
65,45941 56,74249 59,8135 54,75896 47,8284 closed
70,59975 57,1711 46,19263 41,91306 40,20524 closed
65,4532 55,28529 58,49279 53,73161 47,26045 closed
70,61758 57,26363 45,50174 41,2789 39,86489 closed
65,1854 54,49191 57,61568 53,14097 46,92679 closed
70,47558 57,3882 45,15244 40,98958 39,62442 closed
64,96386 53,09157 55,66953 51,36621 45,6779 closed
70,27452 58,03749 44,29907 39,85754 38,97138 closed
64,77986 50,86764 53,15279 49,20943 44,361 closed
69,23389 56,03963 40,19335 35,98991 36,654 closed
65,25265 45,62321 44,93967 41,54073 39,83748 closed
68,64182 54,7358 39,43128 35,45554 36,1152 closed
65,5679 44,44003 43,64209 40,11268 38,90063 closed
67,62665 53,23819 39,11226 35,47106 35,84986 closed
65,7509 43,90478 44,21418 40,62775 38,95391 closed
66,72919 52,32426 39,17062 35,73266 35,79453 closed
65,73677 43,64093 44,68508 41,24419 39,24053 closed
66,44928 51,54712 38,92901 35,70824 35,71717 closed
65,78207 43,33137 44,76021 41,53368 39,36009 closed
66,39256 50,89479 39,00107 35,93205 35,85238 closed
65,75005 42,8177 44,18202 41,27225 39,34591 closed
66,15739 49,82589 38,98545 36,06713 35,91533 closed
65,56015 42,12287 43,55795 40,80364 39,12156 closed
65,83382 49,01397 38,99311 36,19172 35,95332 closed
65,39675 41,50217 43,22833 40,64644 38,94556 closed
65,59755 48,65401 39,08815 36,33686 36,02656 closed
65,17746 41,20836 43,08448 40,50751 38,81503 closed
65,53893 48,72238 39,24238 36,45327 36,11798 closed
65,12294 41,28338 43,13003 40,53917 38,76462 closed
65,45961 48,83112 39,31604 36,50005 36,15954 closed
64,98882 41,37444 43,01477 40,37211 38,63668 closed
65,4548 48,6967 39,32952 36,46777 36,14872 closed
64,78976 41,37278 42,9694 40,18669 38,51053 closed
65,47893 48,03157 38,98376 36,1759 35,97562 closed
64,63582 41,26012 42,6797 39,88063 38,29523 closed
65,47502 47,44979 38,71834 35,93382 35,79038 closed
64,35323 41,10358 42,36233 39,53725 38,03296 closed
65,67862 47,62333 38,73128 35,91256 35,76896 closed
64,01478 41,15418 42,13834 39,21158 37,84886 closed
66,25096 48,29937 38,86293 36,01297 35,85868 closed
63,81585 41,25916 41,94618 39,04473 37,76034 closed
67,29937 48,98515 38,83687 36,02104 35,94088 closed
63,79968 41,49962 41,86162 38,95202 37,75566 closed
68,52593 50,20714 38,7643 35,94979 35,95127 closed
64,08017 41,73785 41,92368 39,05522 37,91142 closed
69,85534 52,62889 39,30166 36,2081 36,1377 closed
64,41571 42,17218 42,42595 39,56829 38,26122 closed
70,30791 54,09086 39,90102 36,59046 36,37146 closed
64,51794 42,57628 42,85089 39,95877 38,48861 closed
70,86071 56,61406 41,45779 37,53005 36,97294 closed
64,66071 44,72616 44,63179 41,41336 39,29143 closed
70,75359 58,91024 44,07325 39,49605 38,26211 closed
64,86872 48,93312 49,57087 46,1105 42,05653 closed
70,43774 58,71767 46,01827 41,24947 39,37284 closed
64,82277 51,27335 53,58503 49,74455 44,4281 closed
70,24813 58,34576 48,05704 43,18513 40,61892 closed
64,94191 53,22419 55,54687 51,10969 45,46402 closed
69,71916 58,39833 50,27592 45,1745 41,86792 closed
65,58704 57,01246 59,00865 54,22569 47,44198 closed
69,229 59,60306 53,64472 47,7268 43,40341 closed
66,50168 60,87077 62,89827 57,79857 50,84669 closed
69,08423 60,9022 56,63765 49,57423 44,65734 closed
67,14954 63,99129 66,48029 61,34266 54,54202 closed
69,24986 61,84322 58,22796 50,39889 45,27997 closed
67,61732 65,54723 67,7631 62,54076 55,88891 closed
69,63292 62,20314 58,44728 50,53022 45,41791 closed
68,10345 66,45719 68,49545 62,99081 56,11637 closed
70,02562 62,30746 58,04068 50,39771 45,29227 closed
68,51061 67,01745 69,12273 63,39425 56,09825 closed
70,17735 61,95055 56,97898 49,79341 44,90422 closed
68,85477 67,55379 69,64896 63,80651 56,29956 closed
70,18455 61,59505 56,01042 49,14598 44,4768 closed
68,94933 68,23205 70,40924 64,64145 57,17118 closed
70,17518 61,38989 55,24848 48,52235 44,13928 closed
69,00572 69,07812 71,59463 65,74181 58,21809 closed
70,12511 61,37849 54,81601 48,00745 43,81761 closed
68,78494 69,81227 72,69532 66,94568 59,62535 closed
70,11437 61,61889 54,97574 48,09682 43,79919 closed
68,51586 70,49166 73,49605 68,045 60,96735 closed
70,31358 62,05785 55,64148 48,80607 44,06038 closed
68,33991 70,87391 73,91459 68,84541 62,03381 closed
70,4219 62,41079 55,91464 49,12825 44,17174 closed
68,32325 70,98678 74,05772 69,14578 62,40885 closed
70,53936 62,25271 55,40963 48,94261 44,03647 closed
68,36089 71,07684 74,11623 69,28793 62,59372 closed
70,65471 62,03421 52,94242 47,31796 43,15562 closed
68,76655 69,93163 72,55869 67,78025 61,34737 closed
71,19668 61,76603 50,81111 45,90075 42,37218 closed
69,34024 67,47291 69,28378 64,6945 58,3996 closed
71,56846 61,40147 48,35756 43,73291 41,23015 closed
69,46713 66,04136 67,3964 62,70927 56,13714 closed
71,63631 60,12593 44,79106 40,44183 39,4321 closed
68,98614 64,14812 65,02273 60,22782 53,84587 closed
71,48658 58,55115 41,23512 37,08901 37,30968 closed
67,04556 59,01564 59,53328 54,3888 47,30139 closed
71,22829 58,33509 41,37228 37,16298 37,10833 closed
65,93307 57,00096 58,3704 53,78936 46,67503 closed
70,90701 58,26613 42,43806 37,79963 37,24404 closed
65,41334 54,05591 56,31764 52,30843 46,02247 closed
71,06104 57,46871 42,03441 37,46932 37,04276 closed
65,21665 53,5535 55,37735 51,52236 45,65795 closed
70,84017 55,45422 40,69305 36,75788 36,63399 closed
65,36789 51,47141 54,42863 51,06717 45,50203 closed
69,96017 51,8763 39,74378 36,51204 36,36828 closed
64,97461 46,21285 47,71168 44,74892 41,39372 closed
69,57405 50,85899 39,60662 36,5175 36,33397 closed
64,83535 45,71153 46,67023 43,62671 40,63176 closed
68,59496 48,85799 39,57011 36,64807 36,32083 closed
64,71661 45,33347 45,98885 42,68766 39,92738 closed
67,81201 47,26001 39,69183 36,77209 36,30221 closed
64,47028 45,28431 46,16587 42,68468 39,83973 closed
67,36851 46,46519 39,688 36,77627 36,25143 closed
64,39829 45,26431 46,21439 42,62638 39,79223 closed
66,48978 45,43245 39,4412 36,58702 36,05491 closed
63,98744 44,80062 45,54123 41,92945 39,4323 closed
65,98675 45,04483 39,33049 36,39632 35,8915 closed
63,30477 43,83052 44,08453 40,58952 38,72419 closed
65,60452 45,14336 39,43133 36,36491 35,82665 closed
62,55478 43,04544 43,00521 39,65568 38,20421 closed
65,38134 45,46928 39,53264 36,38717 35,85365 closed
61,83401 41,27731 41,92582 39,31306 38,04563 closed
65,15517 45,54516 39,50138 36,34984 35,84933 closed
61,17401 40,02003 40,75767 38,58058 37,62658 closed
65,017 45,7257 39,44669 36,30636 35,83617 closed
60,61405 39,50985 40,01395 37,98248 37,2333 closed
65,25333 46,22802 39,39249 36,2764 35,79788 closed
60,0592 39,6613 39,99303 37,8724 37,05159 closed
65,55323 46,80968 39,42216 36,30522 35,80349 closed
59,8594 39,99054 40,33158 38,10299 37,11112 closed
65,77578 47,08669 39,36459 36,30455 35,82703 closed
59,90068 40,39902 40,72455 38,40595 37,28783 closed
65,72681 47,25598 38,93766 36,06876 35,6936 closed
60,00029 40,47239 40,77954 38,4477 37,33023 closed
65,48615 47,00945 38,75519 36,04222 35,73699 closed
59,96553 40,33704 40,62331 38,31062 37,25109 closed
64,78671 46,30415 38,69447 36,275 35,92487 closed
59,85155 40,21851 40,52513 38,22626 37,18662 closed
64,15951 45,7668 38,66655 36,41195 35,98965 closed
59,8018 40,06998 40,35493 38,06878 37,08633 closed
63,54263 45,62907 38,62639 36,53136 35,97163 closed
59,75207 40,02842 40,3795 38,09586 37,06807 closed
63,5538 46,50514 38,42641 36,26007 35,7247 closed
59,6648 39,94031 40,26906 38,01035 37,02831 closed
63,76662 46,88484 38,36067 36,18815 35,65996 closed
59,62873 39,90464 40,19921 37,9539 37,00705 closed
63,8123 46,51242 38,32506 36,26844 35,72006 closed
59,62206 39,87864 40,15771 37,91782 36,98581 closed
63,99928 46,15779 38,34222 36,35514 35,79361 closed
59,76528 39,86803 40,15683 37,91381 36,99843 closed
64,26797 45,93938 38,34846 36,4231 35,86676 closed
60,0507 39,88626 40,07903 37,78823 36,98206 closed
64,45961 46,22632 38,41079 36,46978 35,90149 closed
60,09504 39,84971 39,9863 37,66594 36,93876 closed
64,51471 46,53031 38,43243 36,47295 35,89251 closed
60,11608 39,77515 39,98563 37,68835 36,91872 closed
64,57876 46,9827 38,47044 36,46527 35,85312 closed
60,14317 39,7391 40,08415 37,82374 36,9557 closed
64,54566 47,43441 38,50873 36,45604 35,77435 closed
60,18408 39,80009 40,32407 38,09858 37,05088 closed
64,53841 47,94591 38,5448 36,45453 35,68459 closed
60,08454 39,97198 40,87857 38,70258 37,25027 closed
64,60228 48,27451 38,47415 36,39661 35,59209 closed
60,02011 40,01281 41,08595 38,96907 37,31609 closed
64,79836 48,99191 38,67086 36,54482 35,50698 closed
60,07565 40,1418 41,38805 39,29031 37,45761 closed
64,98179 49,71193 38,79742 36,67762 35,48867 closed
60,17356 40,1541 41,58847 39,47909 37,45866 closed
64,81702 49,96195 38,9192 36,73955 35,41966 closed
60,22256 40,23117 41,80307 39,65688 37,55024 closed
64,52061 49,54708 38,84161 36,65565 35,32703 closed
59,94426 40,20359 41,91427 39,75705 37,55825 closed
64,33633 49,41445 38,77287 36,57069 35,22396 closed
59,56325 40,01466 41,67866 39,54829 37,47503 closed
64,17139 49,24982 38,73162 36,53992 35,14788 closed
60,17923 40,31428 41,39042 39,05027 37,21707 closed
63,91449 48,89193 38,74986 36,58653 35,09551 closed
61,39069 41,08448 41,2976 38,51058 37,06857 closed
63,16122 49,01682 38,99378 36,79592 35,08638 closed
62,36978 41,59343 41,16915 38,08914 37,03222 closed
62,82143 49,55933 39,14999 36,9225 35,19637 closed
62,35125 41,44122 41,42646 38,48843 37,18864 closed
62,99033 51,114 39,51151 37,10051 35,39883 closed
61,17191 40,40456 41,53092 39,08731 37,24883 closed
63,70639 51,78539 39,67072 37,1402 35,46758 closed
60,41815 39,89879 41,66431 39,48073 37,26371 closed
64,41116 50,91037 39,5604 37,16261 35,49886 closed
59,53073 39,61128 41,97087 40,08387 37,39457 closed
64,45537 50,30356 39,63026 37,30139 35,56419 closed
58,87887 39,76966 42,54887 40,72195 37,59003 closed
65,20216 51,10994 39,4287 37,13092 35,54092 closed
60,56146 41,55034 42,99958 40,30139 37,65517 closed
65,68165 51,2152 38,87207 36,613 35,25101 closed
60,69347 42,12807 42,99273 39,94804 37,6297 closed
66,29652 51,87619 38,5343 36,26301 35,11359 closed
61,06582 42,34783 42,65215 39,33854 37,35312 closed
66,7117 52,32045 38,42632 36,09583 35,00476 closed
60,75121 42,03128 42,24354 38,73861 36,94399 closed
66,97428 52,41773 38,36723 36,07243 35,02327 closed
60,23555 42,09324 42,36538 38,6506 36,86765 closed
66,75127 52,03614 38,52813 36,17402 35,03643 closed
60,17464 41,67615 41,9508 38,10717 36,55493 closed
66,81956 51,39135 38,57962 36,2208 35,03215 closed
60,17857 40,85992 40,60075 36,90709 35,99069 closed
67,04807 50,31141 38,4346 36,08589 34,95492 closed
59,82344 40,08533 39,26038 35,7917 35,44819 closed
67,37005 49,60806 38,21627 35,93956 34,88528 closed
59,75713 39,41331 37,78008 34,56247 34,94298 closed
67,65133 49,23436 38,05441 35,80677 34,7943 closed
59,78002 38,9646 36,88631 33,79888 34,65379 closed
67,85837 49,66295 37,96156 35,70567 34,7462 closed
59,90519 38,90486 36,6541 33,72031 34,71032 closed
68,25359 50,23851 37,80958 35,63142 34,77365 closed
59,49535 38,79844 36,46028 33,65683 34,73591 closed
68,98281 50,43673 37,58615 35,52389 34,82098 closed
59,50747 38,58995 36,45176 33,89677 34,96527 closed
69,3886 50,41541 37,58268 35,53271 34,89851 closed
59,8146 38,97758 37,11282 34,8484 35,64358 closed
69,74931 50,62727 37,78268 35,68262 35,05864 closed
60,07699 39,29826 37,62116 35,44641 36,07148 closed
70,03613 51,99586 38,18118 35,96965 35,25194 closed
60,13481 39,40457 37,74191 35,38445 36,02488 closed
69,69243 53,47261 38,50221 36,21253 35,32269 closed
61,15453 40,36793 39,6165 36,70174 36,87539 closed
68,38406 52,85431 38,27542 36,06254 34,98387 closed
62,3854 40,86937 40,59979 37,50553 37,51818 closed
66,67975 51,39751 38,12732 35,97768 34,61799 closed
63,61497 41,08578 41,00755 37,98359 38,0192 closed
64,7354 48,43124 37,69518 35,70831 34,13506 closed
64,11925 40,91713 40,86377 38,05102 38,06721 closed
62,25967 46,22677 37,31095 35,47493 33,58884 closed
64,36219 40,91373 40,92941 38,35505 38,26554 closed
59,83878 44,80667 36,99684 35,37384 33,16562 closed
64,96187 40,56289 40,55202 38,29242 38,59804 closed
58,70311 45,63659 37,0104 35,42718 33,04668 closed
65,76268 39,65399 38,92743 36,77975 38,09983 closed
58,62236 47,95041 37,48031 35,67322 33,16581 closed
67,38027 40,20535 39,13086 36,97775 38,16256 closed
58,63302 49,71334 37,9233 35,75585 33,18542 closed
69,40936 41,52093 40,63831 38,40636 38,60872 closed
58,22231 50,3813 38,48231 35,91404 33,28724 closed
71,93148 42,48391 42,18829 40,0835 39,41632 closed
57,35131 50,64676 38,38879 35,72519 33,10085 closed
71,5997 43,13775 42,93211 40,74905 39,97818 closed
57,64016 49,90446 37,87557 35,5487 33,13283 closed
71,75634 43,31205 43,97748 42,44502 41,29799 closed
58,25769 48,86637 37,39017 35,08608 33,36789 closed
73,41164 43,97668 45,79915 44,21596 42,40777 closed
58,9863 48,65517 36,81462 34,38621 33,71166 closed
72,44495 45,04267 47,19813 45,84695 44,33057 closed
59,17297 49,62057 37,0665 34,77042 34,1847 closed
70,89336 47,94207 51,28764 49,37115 47,10978 closed
59,14487 50,68861 37,30006 35,30055 34,69072 closed
71,03577 49,22817 52,95969 49,9792 46,84536 closed
58,78702 48,17564 36,78334 35,02199 34,27596 closed
72,5099 49,54516 52,54906 49,05268 45,81243 closed
58,29816 44,84133 36,63887 34,93304 34,19172 closed
58,21089 43,18722 37,71224 35,92671 34,82322 closed
59,12598 42,83458 38,43468 36,50844 35,064 closed
60,88412 42,3189 38,9437 36,95977 35,32554 closed
62,39275 41,46057 39,17233 37,19189 35,44933 closed
66,78304 39,65969 38,9434 37,05652 35,44144 closed
67,74345 92,15213 102,5135 94,84672 82,31786 open
71,025 88,07376 100,783 94,00276 82,71099 open
74,12959 90,81774 101,2649 93,12434 85,75018 open
72,93238 92,74512 98,48009 91,63288 88,88936 open
74,19825 89,7362 97,36594 91,6486 89,72934 open
71,89806 88,08447 96,20881 91,6553 89,6967 open
69,07797 93,51858 102,2192 96,45863 86,0022 open
67,82159 94,68312 103,145 96,98073 87,26994 open
93,07415 95,36889 101,2803 96,33147 85,18858 open
68,30106 95,67186 104,2117 97,56541 87,65695 open
87,69821 91,99895 97,63358 93,65936 82,40788 open
69,24912 96,74679 104,4525 97,92188 86,85872 open
85,93404 91,35281 97,05177 93,2664 83,76561 open
61,77668 90,75457 90,21333 89,29043 79,96726 open
88,00415 93,07975 98,96004 94,16068 84,4433 open
71,86926 104,2098 112,5641 104,6115 88,45948 open
89,08498 93,7832 100,0736 95,27208 84,88595 open
87,03168 102,0343 109,8628 102,3083 91,14575 open
89,96416 94,57599 100,8133 95,40479 84,89288 open
89,71864 98,10786 104,7988 99,01874 90,47002 open
91,742 95,36954 102,0087 96,51326 86,2606 open
89,9547 97,7443 104,1694 98,95563 90,66718 open
94,36633 96,78489 102,578 97,44416 86,83769 open
88,70854 94,42259 100,9148 96,06918 87,97195 open
94,36881 97,08194 102,8677 97,80429 86,39986 open
86,21581 91,95104 98,04721 93,65157 83,2784 open
94,85149 97,00145 102,6754 97,47498 85,69607 open
85,68288 92,55365 99,06978 94,5404 83,19907 open
95,0529 96,93397 102,556 97,32236 86,04436 open
86,53604 93,85363 100,6591 96,00439 84,43005 open
94,67945 97,01393 102,6117 97,34032 86,87547 open
87,50262 94,72006 101,0697 96,22919 85,53236 open
94,74313 96,89429 102,4608 97,06886 86,84342 open
87,50594 93,88365 100,1804 95,44758 84,32681 open
94,69077 97,19891 102,0259 96,64832 87,00474 open
87,61759 93,9096 100,4546 95,62087 84,48435 open
94,54485 97,19109 101,8131 96,4305 87,77513 open
87,94427 95,26981 101,4676 96,44621 85,04359 open
94,46584 97,21497 102,1159 96,57832 88,17542 open
88,37965 94,81131 100,703 95,9091 84,74472 open
94,53416 97,87937 102,4362 96,65538 88,11674 open
88,29976 94,31161 100,5343 95,85515 84,56684 open
94,4473 98,47958 102,6875 96,69319 88,18936 open
87,93604 93,71004 99,90632 95,47751 85,42596 open
94,48927 98,67509 102,8901 96,95148 88,45617 open
88,30132 94,19124 100,007 95,27904 85,34096 open
94,48489 98,63573 102,8996 97,05923 88,55318 open
88,39964 94,56529 100,3605 95,46099 85,47134 open
94,24738 98,68659 103,0741 97,36768 88,85888 open
88,8862 95,96529 101,7822 96,63081 85,47958 open
94,14288 98,47363 102,9098 97,31707 88,69219 open
88,77187 96,35633 102,4486 97,26733 86,11305 open
93,90583 98,31128 102,795 97,24637 88,58361 open
88,98299 96,74701 102,8147 97,6101 86,24379 open
93,61021 98,27074 102,7034 97,16065 88,41159 open
89,14758 97,04321 103,0355 97,75124 86,35757 open
93,72554 98,1524 102,6153 97,1123 88,27934 open
89,46552 97,28259 103,2337 97,85307 85,93018 open
93,82328 98,17684 102,5496 97,05938 88,15941 open
89,74272 97,28488 103,1499 97,72663 85,0427 open
93,96262 98,21349 102,6031 97,13921 88,10531 open
89,83866 97,1776 102,944 97,5127 83,89594 open
93,85475 98,15972 102,4086 96,93361 87,76736 open
90,0676 97,09026 102,7605 97,32353 82,80168 open
93,82013 98,20251 102,3394 96,81039 87,42323 open
90,02612 96,93923 102,4324 97,00596 82,03869 open
93,87191 98,22395 102,4595 96,87532 87,2878 open
90,35664 96,88645 102,22 96,8059 81,94225 open
93,8726 98,22238 102,2169 96,60214 86,4593 open
91,11873 97,12182 102,5901 97,31702 82,06923 open
93,86341 98,17889 101,9772 96,30245 85,75342 open
91,35551 97,10648 102,7995 97,56389 82,05532 open
93,99723 98,19498 101,9845 96,35869 85,43203 open
90,7807 97,02248 102,7099 97,4222 82,21733 open
93,99048 98,23267 102,0375 96,50952 85,63184 open
90,75412 96,98087 102,415 97,03638 81,93142 open
93,6433 98,59823 102,2652 96,76379 85,95343 open
90,74873 96,83273 102,0019 96,71041 81,68429 open
93,31812 98,59674 102,2931 96,85995 86,14333 open
90,36642 96,3783 101,5335 96,56944 81,31065 open
93,00889 98,58198 102,3228 96,90452 86,22292 open
89,94153 95,95852 101,3823 96,47091 82,89965 open
92,74393 98,42352 102,2143 96,86152 86,27253 open
90,21146 96,27357 101,851 96,66871 83,78425 open
92,74935 98,34508 102,0324 96,67171 86,2329 open
90,39978 96,51884 101,9432 96,77399 84,30886 open
93,00729 98,44279 102,0053 96,62483 86,36375 open
90,14858 96,36508 101,8096 96,60648 86,41222 open
93,64537 98,66078 102,1669 96,74963 86,94322 open
90,28362 96,5284 101,8327 96,73402 87,56305 open
94,26878 99,1475 102,4959 96,97762 87,9637 open
90,48045 96,36569 101,7691 96,85564 87,9997 open
94,51114 98,81835 102,3998 96,89759 88,47224 open
90,20632 96,93129 102,0534 96,88438 87,8825 open
94,60616 98,51748 102,6794 97,03767 88,5462 open
90,32703 97,11102 101,8194 96,56152 87,84608 open
95,6706 98,53918 103,0591 97,56615 89,06635 open
90,08611 97,05235 101,2741 96,11887 87,32786 open
96,67375 98,76357 103,4406 97,89306 89,04799 open
90,23623 97,21319 100,9537 95,81168 87,07335 open
97,22803 99,05308 103,864 98,29165 88,81496 open
90,20512 97,16065 100,5752 95,53809 86,96453 open
97,99037 99,15591 103,9373 98,47823 89,04594 open
90,37837 97,23067 100,5692 95,51968 86,91626 open
98,45741 99,17088 103,5893 98,06013 88,40378 open
90,66319 97,46754 100,8869 95,81033 86,78117 open
99,03827 98,68224 102,5326 97,32834 88,1516 open
90,47098 97,35336 100,9629 96,03783 86,72615 open
98,59885 98,12104 102,0984 97,0285 87,99606 open
90,85566 97,6973 101,417 96,46104 87,05421 open
97,23515 97,40834 101,6428 96,61954 87,28708 open
90,70348 97,88267 101,7042 96,59758 87,17341 open
96,14612 96,76933 101,0076 95,80931 86,3167 open
90,1198 97,8001 101,6745 96,4472 86,93978 open
95,15685 96,41333 100,6817 95,33298 85,71513 open
88,58664 97,14626 101,1367 95,65437 85,77182 open
93,63864 95,15762 98,61615 93,09813 83,13298 open
87,60007 96,14641 99,97826 93,99914 84,19018 open
91,29628 92,13736 94,4234 88,91114 78,08506 open
85,94027 95,03106 98,0533 91,50166 81,55401 open
88,85159 87,43666 89,54116 84,98337 74,79694 open
85,31461 93,44981 96,15005 89,39421 78,62807 open
87,7407 82,80564 85,34641 81,83141 71,33427 open
84,76088 92,46632 95,57166 88,80655 76,99331 open
86,91081 80,80907 83,11927 79,4812 68,19496 open
84,22639 90,97175 94,23942 87,7651 76,1525 open
86,2886 80,18298 82,50218 78,5265 68,39261 open
84,28733 90,1124 93,42623 87,30524 76,62891 open
86,1216 80,18227 82,62588 78,67146 69,7763 open
84,42569 89,36311 92,85001 86,96854 77,67429 open
85,93214 80,29345 82,96809 79,2145 71,43971 open
84,35173 88,18544 91,46174 85,30022 76,52218 open
85,44357 80,32131 83,31408 79,79855 72,96139 open
84,33084 86,26755 89,8876 83,89392 75,54041 open
85,64359 80,31891 83,67213 80,20165 73,68707 open
84,62196 84,35667 88,54256 82,81142 74,23341 open
85,99696 80,74162 84,40775 80,73779 74,01559 open
85,03216 82,95892 87,78802 82,54246 73,81413 open
86,42946 82,61598 86,74881 82,74336 75,23396 open
85,47247 84,78678 89,52962 84,35624 76,01726 open
87,0314 85,62923 89,75572 85,38306 76,49353 open
86,01731 87,46555 92,5604 87,30789 79,00889 open
87,56848 88,59149 92,18189 87,26141 77,01181 open
86,57944 89,8493 95,39799 90,02496 81,44307 open
88,45074 91,69262 94,38497 88,76536 77,60825 open
87,43478 92,56403 98,73761 93,08469 83,7104 open
89,80328 94,3801 97,45435 90,66621 77,47639 open
88,06541 94,72239 100,9541 95,04425 85,00188 open
90,82079 95,35342 98,54481 91,77596 75,52459 open
88,46513 96,43273 102,6836 96,64583 86,27135 open
91,44112 95,80453 99,23975 92,67625 76,76115 open
88,75336 97,45289 104,1771 98,04397 87,79609 open
91,88362 96,41525 100,2215 93,63869 78,99141 open
89,13083 98,12174 105,2773 99,00494 89,17149 open
92,03857 97,68082 101,8695 95,00482 80,69892 open
89,28285 98,37372 105,5929 99,30735 89,83574 open
91,85247 98,11324 102,7974 95,98915 81,94525 open
89,58904 98,78333 106,0358 99,87276 91,04012 open
91,88445 99,01643 104,0144 97,0827 83,37758 open
91,01791 100,5089 107,7928 101,6053 92,88301 open
91,81416 99,81551 104,6929 97,67359 87,19003 open
91,66648 100,7671 108,0716 101,8575 93,05305 open
91,70802 99,95965 104,7982 97,35069 88,53664 open
91,78033 100,774 108,0504 101,8402 93,0522 open
91,68682 99,93047 104,7918 97,22487 88,71169 open
92,01861 100,2669 107,3028 101,1189 92,23231 open
91,9748 99,89987 104,4062 96,64126 88,28317 open
91,94666 100,0809 106,855 100,7029 91,31012 open
91,77611 99,91312 104,5643 96,61897 88,12508 open
91,78524 100,0572 106,6948 100,6333 90,57914 open
91,43594 99,88345 104,7435 96,61787 88,01916 open
91,49716 100,2971 106,786 100,8296 90,41648 open
90,93286 99,84373 104,7695 96,40882 87,50286 open
90,80914 100,908 107,1455 101,1692 89,81435 open
90,61415 99,53495 104,5115 96,176 86,35518 open
90,18113 100,9201 106,6246 100,5553 87,97849 open
90,71196 99,04675 104,0671 96,14177 86,05242 open
88,99884 99,30888 104,2193 97,76662 85,20254 open
90,77595 98,3617 103,2537 95,86942 84,68761 open
87,93841 98,0311 101,9568 94,95595 81,76562 open
90,85577 97,73239 102,5575 95,73598 84,05785 open
87,03484 97,23191 100,3151 92,95895 79,4129 open
91,02647 96,96975 101,6771 95,19463 82,9479 open
86,18941 96,75006 99,19198 91,49125 78,54609 open
91,2932 95,50687 99,86798 93,87678 80,08511 open
85,3449 96,36333 98,22292 90,24256 78,77715 open
91,32072 93,26962 97,08804 91,48115 76,67258 open
84,36774 95,59186 96,79687 88,66062 78,65048 open
90,61237 90,6453 94,08916 88,52612 75,41516 open
83,20934 95,09387 95,66006 87,32105 77,74654 open
89,46832 88,01894 91,47309 85,80341 73,90909 open
82,79455 94,76748 95,08475 86,54446 76,9127 open
89,29451 86,8006 90,19837 84,40162 73,16072 open
82,01849 94,26276 94,34229 85,46403 75,8552 open
89,07899 85,45273 88,73794 82,94952 71,98092 open
81,84356 93,68448 93,99147 84,99388 75,40382 open
88,83566 84,85506 87,96744 82,50977 71,38168 open
81,9985 93,08788 94,21194 85,09203 75,09832 open
88,59933 84,53241 87,69454 82,40506 71,98508 open
82,47372 92,87909 95,435 86,21911 74,98564 open
87,29702 83,9231 87,45631 82,2896 74,33442 open
82,95808 93,12484 96,20723 87,04263 75,42378 open
86,01533 83,39172 86,91802 81,84175 75,17833 open
83,45577 93,46503 97,21777 87,90814 75,86398 open
84,80981 83,0294 86,56673 81,56284 75,41801 open
83,83893 93,83374 98,33011 89,13586 76,90662 open
83,87159 83,09579 86,68393 81,66294 75,61891 open
84,0328 94,3159 99,41628 90,50017 78,54981 open
83,11642 83,42445 87,14945 81,90083 75,82829 open
84,4307 94,59578 100,2657 91,71459 80,34514 open
82,59631 84,04169 88,1306 82,36408 76,31813 open
84,66277 94,51563 101,2326 92,98288 81,58389 open
82,56806 86,17884 91,25822 84,27795 78,08049 open
84,84626 94,46101 102,1185 94,01034 81,99013 open
82,63727 88,32707 93,94737 85,75921 79,51356 open
84,93634 94,60619 103,1073 95,18283 82,56538 open
82,939 90,51947 96,25268 87,62752 81,32089 open
85,03957 94,9047 104,1283 96,51221 83,94596 open
83,57992 92,55606 98,1851 89,75211 82,94829 open
85,05386 94,91415 104,1624 96,5846 84,56316 open
84,14017 93,42319 98,88662 90,77919 83,62675 open
85,04943 94,89625 104,0831 96,52283 85,16756 open
84,5238 93,93037 99,27136 91,98747 84,32179 open
84,99274 94,84782 104,0314 96,51305 85,76823 open
84,59755 94,23303 99,73341 93,15715 85,07317 open
85,03873 94,86128 104,0969 96,57342 86,16989 open
84,80845 94,66503 100,5038 94,00839 85,66403 open
85,0933 95,06731 104,231 96,50832 86,41811 open
84,93661 95,23352 101,2614 94,54807 85,81707 open
85,0732 95,31125 104,3696 96,3051 86,40482 open
84,90883 96,04533 102,0207 95,14651 85,94718 open
84,9673 95,66164 104,5684 96,16396 86,02757 open
84,94895 97,07938 102,5846 95,57657 86,45533 open
84,83236 96,01198 104,7238 96,11384 85,36482 open
84,95231 97,88806 103,0225 95,70333 87,24412 open
84,89066 96,33085 104,5134 97,10169 83,65115 open
84,7767 98,52174 103,3021 95,47847 87,65992 open
84,95354 96,62239 104,4159 97,78406 81,89098 open
84,47435 99,0032 103,4059 95,18726 87,35404 open
84,81161 97,00978 104,3583 97,46105 80,76385 open
84,48789 99,56912 103,9805 95,37725 87,41576 open
84,54958 97,58353 104,4938 96,65934 80,16056 open
84,67986 99,91029 104,2153 95,26161 87,07951 open
84,50666 98,19656 104,6933 96,99718 79,01206 open
85,21926 100,0563 104,0133 94,84618 86,03429 open
84,24727 98,49881 104,4384 96,56733 79,84164 open
85,90483 100,0485 103,6352 94,27399 84,77905 open
83,82538 98,85683 104,3369 95,95737 80,28526 open
86,48986 100,05 103,3598 93,90469 83,66313 open
83,43073 99,03957 104,0542 94,71439 79,86785 open
86,8509 99,81344 102,9364 93,72227 82,67274 open
83,20644 99,1471 103,8992 93,44108 79,22478 open
87,04263 99,20113 102,365 93,66483 81,68385 open
83,00828 99,43935 103,8582 92,38409 78,15183 open
87,10816 98,27948 101,5569 93,33383 81,18408 open
82,99767 99,38663 103,6814 90,75933 76,84241 open
87,3019 97,39661 100,7628 92,90541 81,1745 open
83,0326 99,69994 103,2829 88,64104 75,04577 open
87,82352 96,5331 100,0976 92,48048 80,82013 open
83,19146 99,99527 102,3742 87,42533 73,29782 open
88,34203 95,65881 99,33725 92,03558 80,39852 open
83,20063 100,1849 101,6123 87,04178 71,78619 open
88,82078 94,94451 98,47159 91,50809 80,43925 open
83,14497 100,1779 100,962 86,93874 71,08675 open
89,06543 94,21356 97,3298 90,913 80,64853 open
83,06007 100,0187 100,4876 86,92487 70,86713 open
89,33541 93,52956 95,43661 89,91299 80,72578 open
83,05029 99,57558 99,42297 86,30708 70,90817 open
90,32732 93,0431 92,04708 88,58363 80,62543 open
83,04185 98,92474 97,61126 84,77893 71,18862 open
91,12899 92,67982 89,47068 87,92785 80,64535 open
83,04041 98,28337 95,46612 83,29272 71,27451 open
91,86129 91,77325 85,1922 86,18313 80,36954 open
83,15192 97,71008 93,90621 82,2429 71,67825 open
92,42172 90,55069 81,89534 84,6766 80,0899 open
83,34103 97,28567 92,81924 81,53329 72,05997 open
92,36183 89,2833 81,81255 83,93555 79,55271 open
83,45468 96,69487 92,32104 81,15785 72,16558 open
91,15985 86,78792 83,89797 83,05405 79,17282 open
83,50426 96,25306 91,9796 81,07745 72,1263 open
90,47777 85,44969 84,93691 82,68478 78,75481 open
83,58429 94,14565 91,20631 81,20067 71,77201 open
88,85403 81,89297 84,90751 81,503 77,64179 open
83,58632 91,40735 90,6328 81,84179 71,42485 open
88,48051 80,56264 84,22672 80,30299 76,40767 open
83,7538 88,92127 90,22499 82,64135 71,22964 open
87,69939 77,81208 81,56171 78,10265 74,00011 open
84,00822 87,47598 90,23959 83,42604 71,47376 open
87,3508 74,95171 79,06899 75,81805 71,46568 open
84,83835 85,46441 90,712 84,67249 72,77242 open
87,17426 73,11488 77,697 74,23167 68,862 open
85,00399 84,63734 91,27012 85,64579 74,93588 open
86,95998 72,82224 78,31105 74,52494 68,09281 open
85,45695 86,09898 94,03481 88,96623 79,73228 open
85,98541 72,01921 81,23828 77,67854 69,9126 open
85,60131 87,05159 95,55447 90,94348 82,13828 open
86,02029 73,60833 83,17631 79,77525 71,7547 open
85,68388 87,56201 96,26209 91,8603 83,32603 open
86,19348 75,73139 84,40672 81,24501 73,24628 open
85,55489 89,07232 98,2381 93,90676 86,02911 open
86,24508 80,26426 87,27807 84,32754 77,06461 open
85,47054 90,44009 99,79865 95,00422 87,38924 open
86,34007 82,97762 89,23805 86,06471 79,13228 open
85,0862 91,6595 100,9988 95,48042 87,9719 open
86,31665 85,80327 91,79256 87,46647 79,96839 open
84,9654 92,56544 101,3889 95,22569 87,85153 open
86,26492 88,04057 93,87669 88,66039 80,23642 open
84,60728 93,65388 101,7803 95,37639 87,74228 open
85,96786 90,15069 95,66193 89,62466 80,18882 open
84,02448 95,86594 102,8077 96,39594 88,17392 open
84,76108 92,89231 98,03541 91,16811 80,6613 open
83,72871 96,86419 103,1034 96,68465 88,48495 open
84,07307 94,4763 99,27258 91,63489 80,60461 open
83,61746 97,06829 103,1051 96,63284 88,48573 open
83,85696 95,74783 100,0611 91,79202 81,22487 open
83,62254 97,04417 103,1095 96,58672 88,34119 open
84,04372 96,41607 100,63 92,28223 82,33581 open
83,56777 97,3828 103,4451 96,82777 88,28127 open
84,43203 96,76749 101,0977 93,21265 83,28538 open
83,77381 97,86816 104,2191 97,74093 88,85361 open
84,8465 96,91981 101,3128 93,80558 84,57513 open
84,11661 98,36333 104,8716 98,65215 89,56435 open
85,5276 97,0236 101,4074 94,39882 86,38382 open
84,49724 98,683 105,0999 99,08551 90,01782 open
86,18091 97,2676 101,8047 95,336 87,84209 open
84,79641 98,69781 104,9578 99,08838 90,15193 open
87,16082 97,42538 102,4138 96,46326 88,95736 open
84,90465 98,41613 104,5448 98,73885 89,95094 open
88,57446 97,55536 102,8214 97,02133 89,10355 open
84,8346 98,15836 104,0378 98,18755 89,45869 open
90,01463 97,58694 102,7663 96,96873 88,5051 open
85,01757 97,89998 103,7478 97,71237 88,93227 open
90,35047 96,98481 101,9564 96,00377 86,79804 open
84,53006 97,80886 103,6269 97,41286 88,69434 open
90,53838 96,82734 101,687 95,65602 85,95447 open
82,2021 97,56367 102,6917 96,41938 88,10041 open
91,5769 97,12372 101,9036 96,03487 86,30604 open
77,29627 96,02947 98,27345 92,13513 85,55906 open
93,12394 97,30321 101,9539 96,51935 87,11867 open
74,20837 94,33935 93,7004 87,1475 82,63573 open
92,85768 97,077 101,8046 96,52315 87,21889 open
72,34403 92,97673 93,52787 85,7899 81,17694 open
91,69865 96,84426 101,36 96,05621 86,73714 open
72,2874 91,86108 94,58281 84,50473 78,8208 open
89,46357 96,64963 101,4939 96,14887 86,25021 open
73,4394 91,68353 93,86342 84,40833 77,07186 open
88,43849 96,48341 101,4761 96,10061 85,80892 open
75,51662 92,50949 93,88789 85,09843 77,774 open
87,89553 96,01676 101,1777 95,83701 85,42712 open
77,89819 94,07353 96,05763 87,92175 81,23227 open
87,34983 95,29874 100,6127 95,1123 84,24571 open
80,4108 95,61935 98,99271 92,24019 84,44522 open
85,91103 94,77424 100,0951 94,54959 83,63805 open
82,81726 96,35301 101,6333 95,66647 86,74886 open
83,48666 94,78484 100,0131 94,60661 83,88538 open
83,37905 96,0075 102,9564 97,35808 87,87729 open
80,95813 94,4257 99,71279 94,32914 83,02294 open
82,66772 95,47624 103,3372 97,79788 87,979 open
78,79098 93,64236 98,98559 93,27633 80,63245 open
81,72746 95,26048 103,3473 97,80656 87,71626 open
77,41952 92,82431 98,18053 92,18756 78,8415 open
80,60385 95,26377 102,9898 97,68201 87,71373 open
76,52155 92,35461 97,87294 91,88869 78,98183 open
80,92928 94,23342 101,0198 95,93137 86,88135 open
77,68394 92,66715 97,98059 92,02405 80,18855 open
82,08076 94,68967 101,9409 97,06599 87,78299 open
79,4118 92,92818 98,03139 91,91 80,42102 open
83,47172 95,45052 103,1227 98,21335 88,58399 open
80,80932 93,31777 98,21597 91,84317 79,90243 open
84,52232 95,39702 101,9719 96,82417 87,85525 open
82,29092 93,97356 98,45646 92,00673 80,0145 open
84,73238 95,33873 101,8305 96,72585 88,02573 open
83,61755 93,75021 98,07645 91,69211 79,75818 open
84,75093 94,89767 101,9371 96,93779 88,41142 open
85,33644 94,0026 98,53536 92,65308 81,60857 open
84,65987 94,41926 101,7825 96,76269 88,41088 open
86,52806 94,80366 99,96203 94,32444 83,32308 open
84,72129 93,87996 101,3561 96,40154 88,22179 open
87,32912 95,37183 100,867 95,13179 83,73971 open
85,21062 94,05286 102,1782 97,38538 88,8349 open
87,99103 96,01899 101,9676 96,26851 84,94447 open
86,1873 94,83171 102,9715 98,09367 89,05064 open
88,56463 95,93136 102,538 97,01486 85,75223 open
86,77252 96,00481 103,5682 98,57883 89,37634 open
87,90905 95,58546 102,7353 97,50643 86,36634 open
86,79948 96,89198 104,459 99,52072 90,03105 open
88,20994 95,50325 102,1981 97,12785 87,21031 open
86,17674 97,24187 104,2154 99,17797 89,34186 open
87,05541 95,27436 101,6179 96,59527 86,61626 open
84,7327 96,91466 102,6461 97,04066 86,40677 open
86,23089 95,50761 101,1676 95,83229 84,64786 open
81,85126 95,4007 100,0581 93,47076 82,61089 open
84,98151 95,23505 100,0867 94,2246 82,72415 open
80,30858 93,97952 97,80936 90,46779 79,63953 open
84,04313 94,25524 97,89491 91,39851 80,15498 open
79,56905 92,48898 94,37542 86,68484 74,96693 open
82,36549 91,49928 92,77517 86,88417 76,39754 open
79,75665 92,11518 93,2374 85,35653 73,26938 open
81,15137 88,96668 87,60217 83,41992 75,13195 open
80,625 91,32637 93,06616 84,93941 73,02029 open
81,05692 88,30007 87,36658 83,02636 74,7485 open
82,14464 89,80425 93,62276 85,31924 73,35896 open
81,28976 87,90141 89,72934 83,80627 73,43181 open
83,67757 88,27724 94,25034 86,92706 75,63959 open
81,8699 87,4295 91,5588 84,16619 68,93942 open
84,23168 88,21091 93,98966 87,03905 76,91792 open
82,37566 87,64748 91,94012 84,54398 67,98065 open
85,55901 88,90463 93,95657 86,86003 76,82661 open
83,87502 88,95905 92,85838 85,95881 71,12093 open
86,13734 90,46208 94,69471 87,71456 77,92414 open
84,9726 90,89213 94,3671 87,13288 71,87323 open
86,39814 91,31196 96,31327 89,84684 80,29604 open
85,82002 92,73523 96,50282 89,13969 72,28181 open
86,81644 91,75017 98,35516 92,67758 82,89217 open
87,18971 95,24795 99,08828 91,71775 74,17696 open
87,55289 91,89897 101,3091 96,28151 85,71387 open
88,80646 97,59991 101,1688 93,85301 77,8466 open
87,92802 91,96335 102,9817 97,87908 86,63875 open
89,61105 98,28027 101,7288 94,33851 78,85972 open
87,88867 92,1366 104,1762 98,93777 87,59241 open
90,16333 98,73316 102,1815 94,91991 79,0901 open
87,16537 92,65966 104,9734 99,60248 88,6122 open
90,80914 98,77348 102,7218 96,08723 80,70699 open
86,52097 93,52359 104,4496 99,08322 88,60144 open
91,05941 97,90246 102,1438 95,96304 83,15696 open
86,50543 93,84149 103,9423 98,65565 88,33395 open
90,55094 97,16615 101,7294 95,3937 82,40616 open
86,18151 92,80419 103,679 98,34487 87,60839 open
89,99281 96,56557 101,5454 95,13168 81,71954 open
85,70079 92,09248 103,5649 98,1558 87,37908 open
89,28198 95,36732 100,922 94,4684 80,88811 open
85,54276 91,95082 103,7274 98,44906 87,80467 open
89,17391 95,34139 101,0375 94,63256 80,75105 open
85,303 92,19857 103,9432 98,82711 88,34564 open
89,49979 96,01537 101,7329 95,48728 81,87415 open
85,26141 92,35126 103,4338 98,36526 88,13835 open
89,72488 96,23392 101,9528 95,78807 82,22094 open
85,32031 92,77736 102,7259 97,89403 88,20571 open
90,32218 96,50905 102,2325 96,28114 82,92088 open
85,38971 92,98778 102,4815 97,76348 88,32658 open
90,71475 97,16768 102,8228 97,14246 84,04057 open
85,49286 93,04401 102,1161 97,40738 88,09073 open
91,1689 97,97675 103,8336 98,51704 85,81572 open
85,87302 93,01041 101,9714 97,12307 87,85959 open
90,63078 98,08897 104,1522 98,82686 86,77669 open
86,07149 93,25 102,3332 97,4285 88,15797 open
90,27073 97,7168 103,7752 98,68414 87,84937 open
86,25631 93,62093 102,7252 97,81955 88,52793 open
90,43134 97,51805 103,7188 98,93005 88,7393 open
86,70095 94,19266 103,3372 98,4289 89,08901 open
90,8037 97,95106 103,9965 99,06744 89,18018 open
87,03064 94,2803 103,4661 98,43616 89,16865 open
91,08395 98,18625 103,7789 98,62634 89,27357 open
87,16159 94,18873 103,2215 98,11039 88,9238 open
91,43279 98,40622 103,8718 98,70417 89,31124 open
87,2223 94,20061 103,0324 97,90321 88,86133 open
91,55879 98,88763 104,6901 99,80698 89,88688 open
87,16109 94,84486 103,4929 98,39856 89,54278 open
91,66077 99,1301 105,0491 100,2248 90,17517 open
87,53596 95,52856 104,0113 98,77875 89,92614 open
91,89971 99,23725 105,0877 100,1854 89,88255 open
88,22665 96,17124 104,4877 99,15465 90,12257 open
92,12289 98,86602 104,714 99,84448 89,26609 open
88,52699 96,54893 104,553 99,2048 90,31297 open
92,06187 98,4138 104,3441 99,54567 89,03533 open
88,48031 96,66744 104,4926 99,22491 90,56342 open
91,3998 97,80009 103,8292 99,07626 88,80088 open
88,28154 96,66415 104,3964 99,21863 90,66428 open
90,41479 96,99044 103,0574 98,31335 87,98057 open
88,18948 97,00185 104,4382 99,28088 90,70243 open
89,37377 96,54812 102,0247 97,4289 87,05762 open
88,52128 97,34844 104,4635 99,28387 90,69923 open
88,54968 96,29472 101,1343 96,52042 85,00594 open
88,45634 97,74844 104,5694 99,34599 90,71709 open
87,95297 96,17093 100,8007 95,89108 84,78206 open
88,34647 97,93449 104,5384 99,33261 90,79749 open
87,06452 96,27259 101,5306 97,00004 87,86843 open
88,53742 98,10346 104,6052 99,35424 90,79298 open
86,80556 96,48186 102,1018 97,86771 89,46575 open
88,99796 98,56778 104,9317 99,65699 91,08421 open
85,73114 96,32121 102,8383 99,41668 91,93474 open
88,91351 97,96506 104,4687 99,26723 90,66737 open
84,83617 95,66517 102,209 98,84423 91,12324 open
88,77233 97,22215 103,6352 98,56174 89,94986 open
84,21741 95,04539 101,2614 97,90471 90,19519 open
88,53529 96,80923 103,1399 98,20171 89,4897 open
83,88882 94,61153 100,6649 97,21635 89,34298 open
88,39307 96,83501 102,8439 97,87252 89,07307 open
83,48962 94,17755 100,463 96,98875 88,08946 open
88,10404 97,02283 103,0475 98,30885 89,69563 open
82,68659 93,55045 99,73181 96,04324 86,3494 open
87,67865 97,84539 104,1032 99,45544 90,80289 open
81,87488 92,97917 99,01967 95,13679 85,29565 open
86,74624 97,66804 104,2421 99,86665 91,17435 open
81,32799 92,56018 98,27277 94,44231 85,1086 open
85,95588 96,91834 103,831 99,6699 91,19176 open
81,13817 92,26171 97,51112 93,2797 84,00495 open
85,78992 97,40207 104,2872 100,165 91,60529 open
81,44136 91,97899 96,88596 92,20667 82,4025 open
85,32952 97,41093 104,2239 99,99038 91,46338 open
81,42062 91,84566 96,46101 91,66898 81,70296 open
84,66116 96,7102 103,5671 99,05368 90,74126 open
81,38193 92,11751 96,79182 91,99124 81,69206 open
84,48575 95,68477 103,0579 98,92706 90,78403 open
81,04582 93,27423 98,45201 93,52511 82,05617 open
84,86801 95,55791 102,3906 98,39564 90,13554 open
81,22907 94,14587 99,52428 94,3336 82,91448 open
85,55479 96,79378 102,842 98,44693 89,78343 open
81,09577 94,74894 100,1807 95,28961 83,67448 open
85,99944 97,07106 102,9451 98,1227 89,39954 open
80,75159 94,30656 99,71739 95,23726 84,23433 open
85,88621 97,31071 102,8151 97,68024 89,16432 open
80,30119 93,41523 98,70595 94,40565 84,57618 open
86,50101 98,43996 103,7593 98,19708 89,50567 open
79,781 91,80995 96,88738 93,39298 84,62331 open
88,12106 98,42557 103,8478 97,97081 89,57292 open
79,10644 90,83319 95,88864 92,64312 84,44178 open
89,18367 98,51062 104,0023 98,15748 89,74575 open
77,98845 91,14823 96,3345 92,89253 84,2748 open
89,86924 99,11163 104,3772 98,68593 90,20405 open
76,98767 92,21996 97,71986 93,59816 83,86954 open
90,95216 98,98611 103,8907 99,20464 90,94323 open
75,60468 93,66698 99,65064 94,46818 83,90712 open
90,99828 98,6521 102,5028 98,42127 91,07765 open
73,80984 95,04763 101,931 95,18482 83,61024 open
90,81518 99,71377 101,9282 98,50871 91,8951 open
73,69662 97,6719 105,1995 97,08218 82,78394 open
93,10768 102,5809 101,9141 99,8828 92,50564 open
75,21568 100,3457 108,1745 98,92625 82,56548 open
93,6426 105,84 99,90398 101,6946 93,26147 open
69,06479 102,5894 109,7865 99,3058 82,66188 open
87,40955 109,4147 101,3306 102,0687 93,28009 open
70,73895 105,4831 112,3041 101,0905 82,26904 open
